-1.32944e-05   -1.18296e-05    1.62158e-03   -7.77351e-04   -4.68522e-07    5.50423e+03  
 6.44598e-06   -3.64952e-06   -1.28774e-03    2.09796e-03    1.15555e-06    1.90217e+03  
-1.87460e-05    8.51138e-05   -8.79433e-02    4.48274e-01    3.36282e-05    1.15836e+01  
-4.92792e-06    8.81902e-06   -3.27605e-02    2.12975e-02    7.98441e-07    1.12343e+02  
 1.25386e-05    6.15488e-06   -5.30243e-04   -1.23820e-03    1.91424e-06    4.20686e+03  
 2.64870e-06    4.87507e-06    4.65735e-04   -5.83540e-04    1.74677e-06    3.17028e+02  
 1.59435e-06   -2.65665e-06    4.16490e-03    1.72681e-03    1.42509e-06    1.68089e+03  
 1.23222e-05    1.51375e-05    1.79725e-03   -2.38832e-02    1.71141e-06    1.75960e+02  
 1.55578e-05    8.65183e-06    2.39192e-02    2.33397e-04   -2.20479e-06    5.98048e+01  
-9.60923e-06    2.25933e-06    2.87905e-03   -7.76661e-03    7.45180e-08    5.50963e+02  
 1.29585e-05   -1.06521e-04   -3.32630e-02   -7.57427e-01    3.44845e-05    1.16978e+01  
 5.12506e-06   -1.09448e-05   -1.79007e-02   -4.93846e-02    5.22043e-07    7.88925e+01  
-1.44495e-05   -1.33952e-05    5.70609e-03   -2.76444e-03   -3.23647e-06    1.48942e+03  
 4.78624e-06    4.88332e-06    3.68232e-04    4.88277e-04   -1.62312e-06    3.47526e+03  
-3.94614e-06   -2.64604e-06    1.74033e-03    2.37929e-02   -9.02116e-07    2.01027e+02  
-2.56578e-06    1.27351e-05    1.20973e-04    4.12230e-03   -1.37086e-06    1.06093e+03  
-1.23637e-05   -2.97787e-06   -5.07953e-03    6.65399e-03   -2.78340e-06    6.43193e+02  
-1.93713e-05    7.86419e-06    1.55537e-02    2.05185e-01    2.28244e-06    3.07448e+01  
-5.46646e-06    9.68620e-06    1.49430e-02    2.87670e-02    2.11698e-06    1.70533e+02  
 6.85696e-06    5.67921e-06    5.21669e-02   -4.61186e-03   -1.80106e-06    9.32423e+01  
 7.50882e-06   -1.39916e-05    9.44931e-03   -2.81583e-02    1.03694e-06    6.36875e+01  
-1.88546e-05    7.66750e-06    9.02187e-03    1.06210e-03   -2.66951e-07    6.10422e+02  
 3.41916e-06    9.70734e-06   -4.00396e-02   -5.16682e-02    7.43012e-07    1.36652e+02  
 1.14241e-05   -1.92694e-06    6.74933e-01   -3.77837e-01    5.74575e-06    7.53535e+00  
 2.26894e-05    1.04573e-05    2.19168e-02    1.19179e-02   -1.48421e-07    3.57674e+01  
-5.79531e-06   -1.07094e-05    2.52288e-03    3.71532e-03    5.59235e-06    1.17818e+03  
 1.36756e-05   -7.64332e-06    8.29455e-04    9.51926e-03    1.62717e-06    7.54328e+02  
-8.06853e-06    5.40591e-07   -3.72552e-01    1.40611e-01    1.87062e-06    1.13024e+01  
-8.24814e-06    2.17621e-05    1.50475e-02    1.10487e-01    3.75867e-06    7.28704e+01  
 3.85751e-06   -1.74071e-05    4.47989e-02   -3.70453e-02    1.50543e-06    6.25925e+01  
 3.81207e-07   -1.22319e-05   -3.91718e-03   -6.41633e-05    1.70254e-06    6.86668e+02  
-1.01919e-05    1.28831e-05    9.89030e-02    3.67995e-02   -1.34821e-06    4.24166e+01  
-9.72604e-06   -7.38355e-07    6.70359e-04    5.82278e-04    1.81727e-06    7.30499e+02  
 1.52249e-07   -1.68418e-05   -7.55272e-03    1.06516e-02   -1.77500e-06    6.08592e+02  
-3.13514e-06   -3.93670e-06   -6.26849e-03   -2.73117e-03    6.07082e-07    2.51474e+02  
-4.66788e-08   -2.44628e-05   -3.27148e-01    3.10401e-01    5.54995e-05    2.18111e+00  
 7.35135e-07    1.26506e-05    9.93930e-04    1.35850e-03   -1.29116e-06    1.02067e+03  
-5.23166e-06    6.13761e-06    1.86657e-02    4.79266e-02    2.62246e-06    1.51518e+02  
 4.01059e-07    1.48620e-05    1.87612e-02   -1.28563e-01    4.30512e-06    2.70316e+01  
 8.85827e-06    4.90125e-06    1.21740e-02   -4.78264e-03   -6.17521e-07    2.30838e+02  
-1.33964e-05    9.01316e-06   -2.96951e-01   -2.59948e-02    1.22404e-06    2.23793e+01  
 2.96391e-06    1.44194e-06    3.65542e-02    1.13679e-03    2.80431e-06    9.34518e+01  
 6.04016e-06   -3.02425e-06    1.43631e-02   -4.01746e-03   -1.02579e-06    4.32399e+02  
 2.42928e-05   -3.17733e-06   -3.95555e-02   -1.22892e-01    1.33797e-07    3.57479e+01  
-6.68572e-06    9.21100e-06    6.80022e-03    1.40206e-03    3.24801e-06    6.24487e+02  
 1.04519e-05   -4.23814e-06   -1.04705e-01    5.29647e-02   -3.77371e-07    9.60770e+01  
-7.78956e-06    6.52022e-06   -2.71285e-02    3.78481e-02    1.82585e-06    9.26354e+01  
 1.53057e-05   -2.32622e-05    1.52815e-02   -2.91943e-02    1.49888e-06    2.32677e+02  
-1.32833e-06   -7.58484e-06    4.29437e-02   -8.83221e-02    1.58092e-06    9.40067e+01  
 6.61036e-07    1.98094e-05   -8.75682e-03   -6.52382e-03   -4.45339e-06    5.07897e+02  
 6.50298e-07    1.92877e-05   -8.29477e-02    1.36905e-01    2.70934e-07    6.55448e+01  
 7.45292e-06   -1.46517e-05    5.44097e-03    6.14491e-03    1.20998e-06    6.50374e+02  
 2.50141e-06    3.83228e-07   -1.35309e-02   -2.32406e-02    6.01488e-06    2.16163e+02  
-1.33846e-06    7.50309e-06    2.74308e-02   -1.87799e-02   -1.08223e-06    1.91790e+02  
-2.84802e-05   -3.21031e-05   -2.74672e-01   -6.50783e-01    1.67174e-05    6.18131e+00  
-2.97850e-06   -3.18804e-06   -1.10897e-02   -1.09159e-02    7.90211e-07    4.14316e+02  
-8.64189e-07    1.55176e-05    1.93210e-02   -3.09041e-02    2.43578e-06    5.69239e+01  
-1.05310e-05   -6.26713e-06   -1.19814e-03   -1.51581e-05   -9.61745e-07    6.42459e+02  
-1.89402e-05    3.19882e-06    1.93068e-03   -7.29514e-04   -1.08012e-06    8.10997e+02  
 2.50478e-06   -5.05843e-06    2.17763e-02    4.31780e-02   -1.09489e-06    9.74118e+01  
 9.18230e-06    5.23406e-06   -1.47065e-02    3.82015e-02   -2.99017e-06    8.68390e+01  
-6.73932e-06   -1.00452e-06    5.26617e-03    4.89947e-03    2.90568e-06    1.41518e+02  
 9.80721e-06   -7.83579e-06    1.53841e-03    2.55559e-03   -9.41274e-07    1.55323e+03  
-1.39333e-05    1.88627e-07    2.23038e-03    2.30048e-03    1.71591e-06    1.23905e+03  
 2.04152e-05   -7.88476e-06    1.43937e-01    1.12588e-01   -1.31627e-07    4.08820e+01  
 6.45229e-06    7.97609e-06    2.02589e-01    7.82201e-02    1.88657e-06    1.61216e+01  
 2.31064e-05    2.70524e-06   -1.33719e-02   -3.55218e-02    6.97384e-07    1.32029e+02  
-1.54554e-05    9.40845e-06   -1.96621e-02   -8.73507e-02    2.30664e-06    3.18306e+01  
-3.31904e-06    3.65167e-06    8.39992e-03   -9.11279e-03    2.65198e-06    1.14383e+02  
-1.43275e-05    2.76027e-05   -1.21463e-01    1.66139e-01    1.28883e-06    2.42855e+01  
 5.96106e-06   -7.62431e-06    2.23154e-03    6.74287e-04   -1.84210e-06    6.15286e+02  
-1.16897e-05   -1.12296e-06   -1.77150e-04    1.76529e-03   -1.68440e-06    5.45948e+03  
-5.42624e-06    1.46306e-06    1.46626e-03   -1.30730e-03    9.34939e-07    1.45834e+03  
-2.80272e-06    1.40830e-05    6.68796e-03    1.30320e-02    4.63893e-07    1.28688e+02  
 4.68666e-06    8.84009e-06   -5.85275e-03    1.42212e-02    1.37019e-06    4.32968e+02  
-3.67729e-06   -3.03606e-06    1.34737e-02   -2.37817e-02    1.71527e-06    2.09329e+02  
-7.54917e-06   -2.32395e-06   -3.00569e-02   -6.41521e-03    1.14733e-06    2.47713e+01  
 4.46061e-05    1.50065e-05   -1.63324e-01    3.74769e-01    1.54405e-05    6.47341e+00  
-1.44148e-05    1.20617e-05   -3.29472e-03   -1.20461e-03    1.51680e-06    6.91617e+02  
-1.90894e-05   -2.45297e-05   -6.11495e-02   -3.30381e-02    1.78002e-06    5.28496e+01  
-6.79318e-06    5.92088e-06   -4.88178e-02   -8.93589e-03   -1.15311e-06    1.75599e+02  
-4.14645e-06    5.61926e-06   -2.71309e-04   -1.82260e-03   -8.38030e-07    5.66497e+03  
 1.43400e-05    6.94949e-06    3.33436e-03    1.08147e-02    1.99546e-06    1.92365e+02  
-2.70603e-06    5.22834e-06    4.19836e-02   -2.99011e-01    3.28955e-06    1.11062e+01  
 3.61816e-06    2.16063e-05    6.65025e-06   -1.27079e-02    2.74294e-06    5.52649e+02  
-1.01958e-05    7.51887e-06    2.36777e-03   -2.06446e-03   -7.77658e-07    1.40032e+03  
 7.39809e-06   -1.00078e-05    7.66304e-04   -1.52673e-02    2.33926e-06    2.61807e+02  
 2.46940e-06   -3.90820e-06    4.59966e-03   -1.68643e-02    8.84418e-07    8.25570e+01  
-3.34088e-06    2.50861e-06   -7.11038e-02    6.78904e-02   -4.35719e-06    3.37729e+01  
-5.19183e-06    8.94856e-07   -6.06440e-03   -2.49150e-03   -3.94736e-07    6.10721e+02  
 7.16957e-06    1.43601e-05    7.98728e-04   -3.74627e-03    1.04302e-06    6.93635e+02  
 4.23269e-06    1.61875e-05   -2.12711e-01    1.52528e-01    1.49764e-06    7.32313e+00  
 7.34901e-06   -1.36338e-05    4.34422e-03   -3.43480e-02    1.94284e-06    9.98601e+01  
 2.47483e-07    1.26191e-06    2.13191e-03   -4.92996e-03   -1.00712e-08    1.03107e+03  
-2.11427e-05    2.09440e-06   -1.94286e-01    5.67223e-01    1.78561e-05    3.25986e+00  
 1.48490e-05    6.47830e-06   -6.72029e-04    2.17014e-03   -2.49258e-06    8.85608e+02  
 2.01958e-05   -2.64693e-05   -1.58258e-01   -9.25656e-01    1.06940e-05    7.64511e+00  
-1.13277e-05    1.22122e-05   -4.30418e-03    4.67240e-04   -2.53964e-06    2.70724e+02  
-1.96515e-05   -2.62560e-06    4.50046e-03   -3.13369e-02    3.45549e-07    8.01830e+01  
 2.19791e-05   -1.23665e-05    2.18670e-03    7.97084e-03   -1.17119e-06    6.15311e+02  
-2.08863e-05    7.77391e-06    7.43360e-02   -3.84608e-01    6.26848e-06    6.25117e+00  
-4.57881e-05   -3.38795e-05   -3.49210e-01    8.63252e-04    7.58143e-06    1.74042e+01  
 1.17489e-05    3.09317e-06    2.39800e-01   -1.75751e-01    2.92205e-06    2.79787e+01  
-2.20822e-05    1.64171e-05   -6.72725e-02    7.44948e-02    4.02949e-06    3.39594e+01  
-9.29742e-06    2.08484e-06    2.89335e-04   -1.60026e-03   -3.81869e-06    4.11314e+03  
-8.31239e-06    8.36846e-05    2.81891e-02    4.06236e-01    1.31175e-05    2.07071e+01  
-1.14141e-05   -7.86133e-06   -2.04242e-03    1.40263e-03   -1.89168e-06    1.18944e+03  
-3.92146e-06   -2.40086e-06    2.21320e-02   -1.62329e-02   -3.23165e-06    1.52355e+02  
-2.06943e-05    2.57415e-05   -5.60206e-02    2.07322e-01    9.07126e-06    2.71302e+01  
-1.55224e-05    1.14312e-04    2.24502e-01    3.57292e-01    5.14362e-05    4.13761e+00  
-8.92577e-06    2.38170e-05    9.84427e-03   -1.06344e-02   -9.92515e-08    5.78359e+01  
-1.68229e-06   -8.89480e-07   -7.67150e-02    2.32404e-01   -2.44606e-06    1.22468e+01  
 3.98279e-05    2.97077e-05    1.10920e-01   -3.90170e-01    1.56726e-05    1.18133e+01  
-6.88795e-06   -4.57355e-06   -1.86824e-03   -7.09880e-04    2.66850e-06    7.42964e+02  
-3.61047e-06   -8.48849e-07    2.40757e-03    1.34526e-01    1.50886e-06    1.92479e+01  
-1.06180e-05   -1.01666e-05    2.69038e-02   -1.91772e-02    5.29277e-07    2.67872e+01  
 1.05866e-05    8.15239e-06    7.48782e-03   -2.27648e-02    1.15049e-06    2.89467e+02  
-9.93684e-06    4.42677e-06    4.14355e-02   -2.39889e-01    4.21588e-06    9.80384e+00  
 1.62698e-05    4.44731e-06    4.84473e-02    3.27370e-02    3.05444e-06    1.71122e+02  
-4.31189e-06   -3.38038e-06   -1.82600e-03   -5.14865e-03    2.55190e-07    7.48526e+02  
-7.44923e-06   -1.04819e-05   -2.48429e-02   -1.42672e-01    7.23781e-07    2.86318e+01  
-4.86351e-06   -2.03417e-06    5.15512e-04   -8.46357e-04   -4.27458e-08    2.87721e+03  
-9.39423e-06   -2.39494e-06    1.77799e-03    5.35786e-05   -2.44946e-06    1.76717e+03  
-2.86478e-06    1.96830e-05    1.88865e-02   -8.57913e-03   -7.96456e-07    7.38703e+01  
-1.49603e-05   -8.68161e-06    5.11359e-03   -2.91713e-03   -1.17555e-06    6.14654e+02  
 4.84229e-06   -9.37525e-06   -1.07292e-02    2.93910e-03   -8.94767e-07    2.87081e+02  
-1.69865e-06    1.12609e-06   -4.43660e-02   -8.35778e-02    6.70137e-07    3.95203e+01  
-1.41985e-05    6.26652e-06   -3.00927e-02    1.10373e-02   -2.35881e-06    1.02466e+02  
-4.60790e-07   -1.33522e-05   -4.31792e-03   -1.70055e-03    7.02408e-08    2.85352e+02  
 3.84513e-06    1.96787e-05   -9.75077e-02   -1.28364e-02   -5.97060e-07    7.59560e+01  
 1.78773e-05    7.74573e-06    5.54157e-02   -1.50152e-03   -7.76980e-07    7.69440e+01  
-1.07889e-05   -4.38952e-06    3.59051e-04    4.56970e-07   -8.64143e-07    2.66518e+03  
-8.76636e-06    6.71643e-06    4.11913e-02    1.88684e-03    1.97355e-07    9.18541e+01  
-1.95357e-05   -8.80183e-06    3.22437e-04   -5.49990e-04   -1.69827e-06    7.67229e+03  
 1.77511e-05    4.46317e-06    2.18726e-01    5.32639e-02   -1.31536e-07    1.95733e+01  
 2.42226e-06    5.38346e-06    1.71363e-01    3.18173e-01    4.90797e-06    1.36284e+01  
-1.16805e-05    1.68430e-06   -4.80237e-03    1.63648e-02    6.56837e-07    9.24622e+01  
 5.55445e-06    2.18704e-05   -4.51276e-03    3.79866e-03    4.28923e-06    1.10441e+03  
-7.93022e-06   -3.31431e-06   -6.17720e-02   -4.48241e-02    2.89030e-06    2.82032e+01  
 5.50959e-06   -3.96945e-05    7.05281e-02   -4.61443e-01    9.71053e-06    1.26608e+01  
-1.71617e-05   -2.03806e-06    7.96129e-02   -1.49492e-01    2.30092e-06    1.19541e+01  
 7.92372e-06    9.99916e-06    2.86489e-03   -5.65350e-04    1.44500e-06    4.07805e+03  
 7.88825e-06   -4.04434e-07    2.09535e-02   -2.73382e-02    1.67150e-06    1.01881e+02  
 5.01055e-06   -1.85361e-05    9.85142e-04   -1.42759e-02    1.88043e-06    6.47839e+02  
 7.36449e-06   -9.60830e-06   -1.71826e-02   -4.28994e-02    9.53310e-07    1.05491e+02  
 4.54396e-06   -1.50930e-07   -1.54820e-03   -1.24625e-02   -1.84401e-06    4.44668e+01  
 2.48302e-05   -2.47310e-05    1.37864e-01    2.99924e-02    6.14541e-06    1.38888e+01  
 7.74816e-06   -4.48088e-06    4.84450e-03   -3.52861e-03    2.86001e-06    1.03817e+03  
-6.81094e-06   -2.35042e-07   -5.95584e-02    4.95190e-03   -2.66636e-07    1.05906e+02  
 8.33223e-06   -4.09626e-06   -1.60868e-02    1.31094e-02   -7.24066e-07    2.67978e+02  
-1.61317e-06    1.33926e-05   -1.10157e-04    3.61693e-06   -1.11145e-06    4.19741e+03  
-8.00564e-06   -3.51496e-06   -1.96196e-01   -8.17198e-02    1.03191e-06    3.78864e+01  
 5.26282e-06    2.59680e-06   -4.44004e-02   -5.05479e-03    1.63248e-06    1.19718e+02  
 2.06389e-06    1.59689e-05    2.38089e-01    3.45493e-01    2.80988e-06    6.66848e+00  
-5.12846e-07   -1.34876e-06    2.17157e-02    5.52351e-03    3.09547e-06    5.14262e+01  
-3.13757e-06    1.86697e-06    1.35727e-03    2.14766e-04    7.03281e-07    1.02171e+03  
 1.44106e-05   -1.03867e-05    7.43753e-04    5.68414e-04    2.89054e-06    8.02969e+03  
 4.63798e-06    2.31908e-06   -2.74148e-02    1.05912e-02    1.09995e-06    7.78117e+01  
 4.65314e-06    1.18384e-05   -6.64330e-04   -3.23406e-04    2.61794e-06    3.27853e+03  
-1.45839e-05   -8.37865e-06   -1.86995e-02   -1.07440e-02    2.96178e-06    1.52301e+02  
-2.19620e-05   -1.13694e-06    4.45511e-03   -2.44639e-03   -1.64501e-06    1.46452e+03  
 2.19070e-06   -9.95378e-06    1.24836e-02    9.86000e-03    1.91991e-07    1.19198e+02  
-4.13799e-07   -3.03115e-05    1.12262e-02   -2.60013e-01    2.67199e-06    2.19128e+01  
-1.59385e-05    1.15672e-05   -6.07857e-02   -2.94023e-02    3.35653e-06    1.09162e+02  
-7.96070e-07   -6.75819e-06    3.46086e-02    3.69153e-02    9.73308e-07    3.70480e+01  
-5.04486e-06    2.46059e-05   -2.63659e-02    9.36784e-03    1.16353e-06    2.55254e+02  
-2.59391e-06   -7.74112e-06   -1.90814e-02   -2.36320e-02    2.36418e-06    2.85164e+02  
-1.45526e-05    3.46369e-06    8.43326e-03   -1.53007e-02    2.79956e-06    1.63087e+02  
 5.75748e-06   -9.49248e-07   -9.66745e-03   -1.05164e-02   -8.86164e-07    2.21069e+02  
-1.34448e-05   -1.10413e-05    1.39257e-03    1.08501e-02    1.44584e-07    1.23826e+02  
 1.04939e-05    5.93854e-06   -4.27216e-03   -3.58790e-03   -3.14428e-06    8.44829e+02  
 2.97952e-06    5.83238e-08   -9.05495e-04    1.52561e-04    1.43374e-06    3.10771e+03  
 5.88426e-06   -1.99132e-05   -3.25909e-05    5.19205e-04   -5.08333e-07    4.62894e+03  
 3.15884e-05   -1.34723e-05    2.34148e-01   -3.44228e-01    4.95264e-06    1.23303e+01  
 1.06049e-05   -1.34668e-05   -2.10008e-03   -3.51638e-03   -1.88705e-06    4.11454e+02  
-1.96714e-06   -3.79847e-06    1.32593e-02   -4.15600e-02    9.57105e-07    2.02554e+02  
-1.81525e-06   -3.97507e-06   -1.89818e-03   -2.62427e-03    6.06910e-07    2.64197e+03  
 6.38580e-06    2.98379e-07   -6.18458e-03    1.21811e-02   -6.64672e-07    3.54601e+02  
-5.24382e-06   -1.59468e-05    5.53624e-04    4.94186e-04   -3.53686e-07    4.29892e+03  
-7.39376e-06    1.35834e-05    1.17665e-03    4.28768e-04    2.59239e-07    1.53517e+03  
-2.23246e-05    5.45215e-06   -4.25464e-01    1.13647e-01    1.30691e-06    7.18623e+00  
 1.47081e-05   -4.11693e-06   -7.86986e-03    4.38108e-03    5.74217e-08    3.62015e+02  
 6.23935e-07   -3.97117e-06   -6.30290e-03    2.86269e-04   -1.49986e-06    2.70080e+03  
 6.35554e-06   -1.86766e-05    3.47021e-04   -2.16143e-03   -2.25885e-07    1.37026e+03  
-1.50476e-05    6.45962e-06   -2.51641e-04    9.65645e-04    5.41436e-06    2.63921e+03  
-1.23760e-05    1.04147e-05    6.66759e-03   -8.36401e-03    5.31053e-07    6.57154e+02  
-6.57603e-06   -3.92360e-06    5.16230e-02   -6.40041e-02    1.13742e-06    5.27180e+01  
 1.07832e-05    1.87499e-06    1.10988e-02   -1.52936e-01    6.92324e-07    3.19052e+01  
-6.58782e-06    1.33755e-06   -2.23497e-03   -5.03117e-04    3.26758e-06    1.75890e+03  
-2.44407e-06   -3.28575e-06    2.22258e-02   -2.95037e-02    1.43361e-06    1.44216e+02  
 6.64928e-06    1.01757e-05   -2.33138e-02    1.83764e-03    8.70013e-07    1.60709e+02  
 4.27018e-06   -3.72121e-06   -3.83006e-02   -4.81989e-03   -1.79019e-07    8.30716e+01  
-1.90914e-05    5.94751e-06   -3.28043e-02   -1.02168e-02    1.28548e-06    7.85308e+01  
 1.40661e-05    5.09182e-06    4.10612e-02   -2.08991e-02   -9.77486e-07    9.96118e+01  
 6.61947e-06   -1.01432e-05    3.14936e-01   -1.70149e-01    4.02681e-06    2.23356e+00  
-1.30766e-04    3.10286e-05   -5.62067e-01   -9.81519e-02    4.49510e-05    8.22597e+00  
 1.02811e-05    1.13837e-05    5.16055e-03    1.04494e-02   -4.54251e-07    5.50599e+02  
 2.53155e-06    3.55148e-05   -1.57053e-02    1.57892e-01    5.63183e-06    1.35779e+01  
 7.50214e-06    8.59697e-06   -1.10942e-02   -4.02079e-02   -9.79384e-07    6.48501e+01  
 1.13158e-05   -1.95625e-05   -1.46452e-01   -4.30759e-02    4.66073e-06    2.84035e+01  
 1.12097e-05    1.32026e-05    6.42735e-04   -1.34841e-03   -2.24297e-06    9.82252e+02  
-1.41720e-05   -1.26497e-05    3.04743e-02    5.18126e-02    9.89119e-07    8.45634e+01  
 3.48707e-07    4.32636e-06    3.53918e-04    9.69888e-02    2.69731e-06    2.87914e+01  
-1.21044e-05   -1.03723e-05   -8.41162e-03   -7.12269e-03    1.98268e-06    8.51482e+02  
-7.56456e-07    2.57875e-06    1.43081e-02   -5.45039e-03    1.52560e-07    7.00242e+01  
-5.01914e-06   -2.07852e-05   -4.35906e-02   -4.45434e-02   -3.58907e-06    9.77160e+01  
-2.25200e-06   -7.51051e-06   -2.22073e-02    8.60838e-03   -1.14019e-06    3.37784e+01  
-9.29633e-06    1.72732e-05    2.49888e-03   -1.45081e-03   -3.27552e-06    1.26778e+02  
-7.73579e-06    4.52142e-06   -1.91365e-03   -7.38585e-04   -1.27136e-06    1.59401e+03  
-1.91441e-06    1.76603e-06    2.64489e-02    8.78683e-03   -1.92392e-06    1.46715e+02  
 2.37571e-05    9.83663e-06   -8.58071e-02   -1.58238e-02    8.84070e-07    3.62956e+01  
-1.24553e-05   -6.38543e-06    9.54376e-05   -2.68115e-03    1.37370e-06    3.34052e+02  
 1.16001e-05    1.68188e-06    8.96439e-02    2.61283e-02   -1.44511e-06    8.05620e+01  
-8.93124e-06    8.40899e-06    6.37892e-02   -3.88716e-03   -7.44204e-07    2.18430e+02  
 7.40336e-07   -4.55339e-06    5.98006e-03    6.11579e-03    1.54758e-06    4.70062e+02  
-9.60518e-06    7.15684e-06    6.80499e-04   -1.70688e-03   -1.79474e-06    1.13962e+03  
 1.99972e-08    1.52757e-06   -4.94900e-04   -1.65977e-03    1.69887e-06    5.16772e+03  
 7.35517e-06   -2.90773e-05    6.30296e-05   -3.01088e-03    1.01171e-06    2.29149e+03  
 3.46626e-07    9.33746e-06    4.31392e-03    5.31130e-03    1.39719e-06    4.85622e+02  
-2.80257e-06    2.12544e-06    1.55759e-01    1.04755e-02   -2.67321e-06    2.01622e+01  
-1.34196e-05    3.36597e-06    2.70775e-04   -8.00034e-04   -6.07054e-07    7.58224e+02  
-4.76431e-06    3.71820e-06   -7.54279e-02   -2.35165e-01   -7.09656e-07    1.90547e+01  
 2.12434e-06   -1.24941e-05   -3.81629e-03   -4.28210e-04   -3.26850e-07    5.65786e+02  
 1.07593e-05    8.62418e-07   -4.07067e-03    4.83004e-02   -3.30603e-07    2.66239e+02  
 5.30134e-06    1.27499e-05    1.19415e-02    3.68108e-03   -5.45023e-07    8.11862e+01  
 3.50473e-06    1.06256e-05    9.02028e-03   -9.02549e-03   -2.96111e-06    4.81158e+02  
 8.02937e-07    3.57378e-08   -1.34955e-02   -1.94881e-02   -4.48874e-07    2.47236e+02  
-5.52881e-06   -5.38403e-06    1.08008e-02   -1.25119e-02    5.58005e-07    4.88291e+02  
-1.18431e-05   -1.21787e-05   -1.90591e-02    7.00004e-02    2.85035e-06    7.58867e+01  
 1.07845e-05    1.51677e-07   -4.96545e-02   -9.64407e-03    2.44821e-06    1.06678e+02  
 4.30013e-06    6.68425e-06   -1.07898e-02    1.39606e-03   -6.84415e-07    1.80028e+02  
 9.67333e-07   -4.71579e-06    5.67515e-03   -2.69199e-02    4.33104e-06    2.11011e+02  
 6.14838e-06   -1.05646e-05   -7.69118e-04   -2.16360e-03    1.30253e-06    2.07169e+03  
-2.74094e-06   -6.03221e-06   -1.12967e-03    1.26179e-03   -1.27678e-06    3.21107e+03  
-1.25601e-05   -7.85044e-06   -1.20860e-01   -3.13464e-01    4.17077e-06    1.62264e+01  
-2.47711e-06    1.72926e-06   -1.57944e-03    4.72603e-04    3.43400e-06    3.27601e+03  
-1.63920e-05   -7.50849e-06   -1.52188e-01    2.93645e-02   -8.32590e-07    3.19539e+01  
-1.76164e-05   -2.50910e-05   -4.79991e-01   -6.88128e-01    2.09268e-05    5.44750e+00  
-1.50088e-06    1.86242e-05    1.36561e-03   -3.50187e-03    1.33173e-06    4.73946e+02  
 7.30286e-06    1.05925e-05   -7.83355e-03   -7.91912e-03   -2.30309e-06    4.58099e+02  
-1.10384e-04    1.24189e-04   -6.80633e-01    4.37862e-01    7.58763e-05    1.28948e+01  
 7.05158e-06   -5.79875e-06   -1.01179e-01   -3.97310e-03   -3.30443e-07    2.94149e+01  
-5.64244e-06   -1.23592e-06    2.93162e-02   -2.64360e-02    1.14424e-06    1.22076e+02  
 5.57370e-06   -6.20017e-06    6.40615e-03   -4.92175e-03    9.39909e-07    1.73231e+03  
-6.80887e-06   -1.01562e-05   -6.04425e-03   -1.32436e-02   -3.93311e-06    2.84161e+02  
-3.99781e-06    1.07578e-05   -2.54024e-02    2.42296e-02   -7.20132e-07    1.06463e+02  
-5.89016e-06    7.41699e-06   -4.44821e-02    3.92588e-03   -8.94335e-07    2.14557e+02  
-3.87645e-06   -6.50034e-06   -3.95438e-04   -7.88861e-04    3.12888e-06    3.61988e+03  
-2.06552e-05    7.01484e-06   -2.89699e-03   -2.38937e-04    1.33907e-06    1.31318e+03  
 9.39910e-06    1.95255e-05   -8.06824e-03   -5.32288e-03   -7.96806e-07    2.07231e+03  
-6.99854e-06   -5.77534e-06   -8.00652e-02    4.46254e-02   -5.51142e-07    1.27568e+01  
-6.26822e-06    7.02150e-06    1.09365e-01    9.35200e-03    2.57422e-06    9.95939e+01  
 1.14998e-05   -7.75100e-06    5.66694e-02   -3.87310e-02    1.74800e-06    1.38885e+02  
-1.97279e-05   -4.96602e-06   -1.36133e-04   -1.37331e-04   -4.74312e-07    6.33148e+03  
 1.02126e-05   -1.09971e-05    5.98173e-02   -1.32007e-01   -1.18003e-06    1.53577e+01  
 4.54291e-07   -9.16034e-06   -3.41421e-03    1.13348e-02    2.31271e-07    5.54199e+02  
-1.36142e-05   -5.41080e-06   -2.47025e-03   -2.01780e-03   -3.95571e-06    9.83368e+02  
 2.53521e-05    1.56982e-05   -9.49205e-03   -2.96299e-02    1.86756e-07    6.31456e+01  
 9.92791e-06   -1.66360e-05   -7.87124e-02    4.21688e-04   -4.10923e-06    6.09342e+01  
 8.84984e-06    2.28101e-05   -1.26918e-03    2.99126e-03    2.16126e-06    2.03180e+03  
 3.37741e-06    1.22876e-05   -8.24527e-02    8.41383e-04   -1.69923e-06    1.28640e+01  
-9.85899e-05    5.86350e-05   -6.70362e-01    2.58712e-01    4.40650e-05    1.12424e+01  
 1.12970e-05   -2.12107e-05    5.64758e-02    8.56481e-03    3.92780e-06    2.10786e+02  
 6.91006e-06   -3.12707e-06   -8.13802e-03    4.69956e-03   -1.16002e-06    3.53639e+02  
-9.36604e-06    4.19647e-05    9.29507e-04   -1.89940e-03   -4.57767e-06    2.01868e+03  
 7.69739e-06   -8.71362e-06   -6.25268e-05    6.58067e-05   -2.35459e-06    8.59165e+02  
 1.48047e-04   -2.65970e-05   -2.33359e-01   -7.73623e-01    3.98665e-04    4.62501e+00  
 2.30814e-05    1.46062e-05   -4.23421e-03   -5.18562e-03   -2.45883e-08    1.58949e+03  
-1.40980e-05   -6.85877e-08    5.12001e-02    1.32735e-02    1.18321e-06    1.69115e+02  
-4.04967e-06    1.98404e-05   -1.74517e-03   -1.44326e-03    5.66014e-08    1.57050e+03  
 1.66941e-05   -7.04612e-05    8.35574e-02   -4.44321e-01    1.89333e-05    2.07636e+01  
-2.36289e-05    7.35851e-06   -3.87728e-03    6.57288e-03    8.33913e-07    4.43478e+02  
 3.00370e-06    3.14303e-07   -4.39509e-03    1.26178e-02    6.76619e-07    1.57898e+02  
 7.80479e-06   -2.39335e-09    2.17560e-03   -1.40528e-03    8.61530e-07    1.31432e+03  
 1.52912e-06    4.98485e-06   -3.96914e-04    1.19269e-03    2.17873e-06    3.98782e+02  
 9.33610e-05   -1.11997e-04    2.79703e-01   -6.94671e-01    5.26682e-05    1.60659e+01  
-5.22749e-06    1.46169e-05   -8.57378e-02   -4.24112e-02    3.89984e-06    3.71484e+01  
-1.53921e-05   -1.84234e-06    6.78277e-04    3.31245e-02    7.67773e-07    6.76194e+01  
 2.21401e-06   -7.00833e-06    2.28678e-02   -2.58817e-02   -1.58671e-07    1.03359e+02  
 1.53129e-05   -7.60165e-06    1.44285e-01   -1.19851e-01    3.34876e-06    2.77410e+01  
-9.81992e-06    1.51258e-06   -1.67207e-03    6.40301e-04    2.30179e-06    3.06687e+03  
-1.73540e-05   -4.57985e-06   -9.48257e-04    1.29066e-04    5.75662e-06    2.92527e+03  
-7.58236e-06   -3.23204e-06   -2.20690e-03   -6.85973e-03    1.10993e-06    4.88604e+02  
 9.47559e-06   -4.96066e-08    1.88852e-01   -2.07102e-01    1.82272e-06    3.46216e+01  
 1.30279e-05    1.30688e-06   -8.39294e-04   -6.68930e-04   -1.56130e-06    7.95901e+03  
 4.81434e-06   -1.76104e-06   -1.22883e-03   -7.26290e-05   -1.30709e-06    2.28813e+03  
 6.76981e-06    8.01215e-06   -2.18055e-02   -4.30645e-03    2.10632e-06    5.71670e+01  
 3.25967e-06    1.85105e-05    6.10168e-02   -1.25564e-03    1.08844e-06    2.71223e+01  
 1.33738e-05   -2.11721e-05   -7.26369e-03   -3.22693e-02   -5.50558e-07    1.39768e+02  
-7.40684e-06   -1.39782e-05   -1.08635e-02    1.46876e-02    3.56567e-07    1.17574e+02  
-9.36821e-06   -1.59367e-05   -1.73165e-02    1.07391e-02    4.24345e-07    7.84751e+01  
 8.42739e-06   -3.95448e-06    1.46074e-03   -2.99783e-04   -1.40673e-06    1.28445e+03  
 1.78442e-05   -3.02018e-05    1.20231e-01   -1.57125e-01    2.80088e-06    3.01839e+01  
-2.78783e-06   -5.23953e-06    5.96777e-02   -4.07628e-02    2.60125e-06    3.67253e+01  
 1.52480e-04    4.77496e-05    3.40911e-01   -4.37936e-01    7.34197e-05    5.59659e+00  
-1.34126e-05    8.61156e-06   -2.48988e-01   -1.16562e-01    5.68187e-06    1.92173e+01  
-1.92180e-05    6.48801e-06   -1.74701e-03   -1.53304e-03   -1.93074e-06    1.24424e+03  
 2.95549e-05    1.22384e-05   -9.32373e-02    1.43668e-01    3.62744e-06    6.05563e+01  
-7.71548e-06   -1.38118e-05   -3.51278e-03   -1.98822e-03    5.45363e-06    7.13290e+02  
 4.49607e-06    4.59161e-06    5.91579e-03    1.65622e-03    1.64108e-06    4.54383e+02  
-2.80707e-06   -2.33016e-06    2.88679e-02    4.64575e-02    3.12212e-06    2.66287e+02  
-4.64156e-06   -1.76024e-07   -6.39298e-02   -1.61808e-02    3.60282e-07    5.37324e+01  
 1.09620e-05   -2.36308e-06   -1.19349e-03    4.34738e-03    1.13283e-06    5.67771e+02  
 6.74088e-06   -1.85644e-05   -1.15281e-01   -2.55402e-01    6.95348e-06    4.08499e+01  
-1.42016e-05   -6.33428e-06   -6.11980e-03   -5.18562e-03    1.96249e-06    9.81099e+02  
 1.29951e-05    7.30821e-06    7.86897e-03    4.21382e-03   -1.29630e-06    3.20022e+02  
 4.87564e-06    2.54253e-06    2.71823e-01   -2.51649e-01    4.65743e-06    4.68294e+00  
-6.77945e-05   -4.90824e-05   -6.93434e-01   -5.31827e-02    2.27204e-05    1.68331e+01  
-9.60570e-06    5.72140e-06    5.39343e-02   -2.76433e-02   -3.18234e-06    7.82124e+01  
-3.16846e-05    1.04108e-05   -4.11540e-01    4.53737e-02    2.09127e-06    2.49465e+01  
 2.61088e-05    9.79657e-06   -4.35704e-03   -7.25580e-03   -2.53784e-06    8.51159e+02  
-7.40527e-06    1.42003e-05    3.18801e-03    1.32647e-03   -3.97783e-07    9.69023e+02  
 6.76694e-06    4.18346e-07    2.52199e-02    2.51409e-03   -8.21112e-07    3.52144e+02  
 1.00865e-05   -5.55893e-06    3.50865e-03    3.16429e-03   -2.26995e-06    1.22069e+03  
-3.90435e-06    1.58067e-05    1.03367e-02    5.47831e-03    2.47533e-06    5.46676e+02  
 2.17183e-05   -1.62623e-06    1.74983e-01   -5.18986e-02   -9.13784e-07    4.63380e+01  
-3.42062e-06   -8.32840e-08    4.13480e-03   -1.94603e-03   -1.49052e-06    2.33310e+03  
-1.08335e-05    1.26139e-05    6.46908e-03   -9.50496e-03    2.35399e-06    2.72604e+02  
-1.02186e-05    5.06940e-06    7.86672e-02    3.42600e-01   -2.18624e-06    2.81560e+01  
 3.48697e-07    1.15110e-05   -9.63064e-03    6.37828e-03   -9.18324e-08    2.19428e+02  
-4.28927e-06    1.48147e-06   -1.88913e-03    2.39863e-03   -1.37815e-06    1.18747e+03  
 7.65916e-06   -7.46383e-06    8.86620e-04    1.40769e-04    2.91078e-07    1.34734e+03  
 6.59682e-06    3.06022e-06   -1.85669e-02   -5.97180e-03   -1.62928e-07    2.19029e+02  
-1.25831e-06    2.12311e-06   -1.15242e-04   -5.09078e-04    8.44413e-07    1.44505e+03  
 2.14367e-05    3.83997e-06    9.25407e-03    2.17110e-02   -2.07628e-06    4.06453e+01  
 1.19029e-05   -5.45524e-06   -1.14883e-03   -3.58549e-03   -1.49306e-06    3.57649e+02  
-4.57790e-06   -1.15359e-05   -4.88598e-04    2.94610e-04   -2.67405e-06    8.11414e+03  
 1.44120e-05   -9.04117e-06   -2.22489e-03   -7.74100e-04    3.00032e-06    8.70010e+03  
-6.58251e-06   -3.98510e-06   -3.19355e-02    1.22397e-02    9.98842e-07    2.80132e+02  
 5.35106e-06   -1.67984e-06    4.30856e-03    1.62473e-03    2.01717e-06    8.21129e+02  
 1.99061e-05    4.44929e-06    2.44381e-02   -2.88439e-02   -2.04522e-06    6.19938e+01  
 1.15336e-05   -1.08670e-05   -8.47843e-04    2.02318e-03    4.04694e-06    2.77434e+03  
-9.79379e-06    9.50940e-06   -2.33886e-03   -9.55966e-03   -2.15835e-06    3.12647e+02  
-2.37089e-05   -1.21786e-06    4.94303e-04   -4.47802e-03    4.88268e-07    3.90400e+02  
 2.01807e-05    8.37834e-06    5.39203e-01    5.17841e-01    9.13319e-06    1.14123e+01  
-8.93889e-06   -1.00227e-05   -2.41946e-03    1.34348e-03    4.13130e-06    1.41566e+02  
-2.75504e-05   -1.88534e-05    2.57319e-02   -9.04436e-03    5.50474e-07    1.85641e+02  
 2.07159e-05    3.14021e-07   -1.30947e-03    1.75228e-03   -5.18171e-06    1.94169e+03  
-1.36644e-06   -2.28990e-05    1.15535e-02    1.56933e-02   -3.86631e-08    3.09818e+02  
-3.91616e-06    2.07801e-06    1.38126e-02   -1.95991e-02   -2.29286e-06    1.46326e+02  
 5.42291e-06    1.00931e-05   -2.85358e-02    1.24417e-01    5.05400e-07    2.60508e+01  
 2.36805e-05    2.56060e-06   -2.47172e-02    1.49351e-02    5.63452e-06    4.00017e+02  
 1.10937e-05   -1.34734e-05    2.53723e-03   -7.72806e-05    6.18575e-07    1.71894e+03  
-2.36645e-05    1.97981e-05    7.16918e-02    1.56431e-01    1.39266e-06    3.87863e+01  
 8.53086e-06    4.12787e-06    1.17123e-04   -1.06064e-03    3.15228e-06    2.02374e+03  
-5.76256e-06    9.82488e-06    9.13220e-04   -1.09226e-03   -1.15296e-06    7.23617e+02  
-1.15079e-05    1.61294e-06   -6.91765e-02   -7.35147e-03   -9.32547e-07    2.99635e+01  
-4.55784e-06   -8.45284e-06   -3.60409e-03    2.58967e-03    1.81747e-06    1.64519e+03  
-1.89192e-05   -1.15021e-05    4.86115e-02   -1.01123e-01    3.13934e-06    9.05381e+01  
 2.30954e-05   -6.28627e-06   -6.00738e-02   -4.53095e-02   -1.97445e-06    8.82369e+01  
 1.23785e-05   -2.33725e-06    2.79392e-03    6.56453e-04    5.68583e-06    2.41296e+03  
 2.57132e-05   -5.24689e-06    2.04801e-02    5.89073e-03    2.35803e-06    3.18360e+02  
-9.42570e-06   -8.62565e-08    3.00089e-02   -2.33126e-03    1.83498e-06    7.81457e+01  
-1.47967e-05    8.76370e-06   -3.23934e-02   -6.36826e-03    5.46967e-07    1.68322e+02  
 5.08893e-06    1.41766e-06    6.32843e-03    5.79898e-02    2.61737e-06    1.67460e+01  
-9.86144e-06   -1.39429e-06    1.97670e-04   -9.81017e-04    9.37630e-07    1.29504e+03  
-5.88071e-06    1.81920e-06   -5.04954e-02    1.05363e-03    8.42896e-07    7.33946e+01  
-3.77083e-06   -1.42650e-06    5.57962e-04    4.16781e-04    1.56934e-07    4.76429e+03  
 6.47378e-06   -1.37707e-05   -1.09501e-03    8.11387e-04    7.71339e-07    2.91107e+03  
 1.16515e-05    6.48743e-06    2.15360e-02   -7.74576e-03   -5.03507e-07    2.06899e+02  
-1.79367e-05   -4.55622e-06    3.29650e-01    1.37259e-01    2.74741e-06    4.49752e+00  
-4.24907e-06    6.65155e-06   -2.96553e-02    1.16370e-02    1.97893e-06    4.49607e+01  
 8.60153e-06   -2.60043e-06   -5.91766e-03    1.21707e-03    4.08385e-06    1.33994e+03  
-8.06490e-06    5.47429e-06    3.41542e-02   -5.32300e-03   -9.04056e-07    9.28658e+01  
-4.53580e-06   -4.39583e-06    2.48242e-03   -9.05331e-04   -3.24126e-07    1.77798e+03  
 5.53518e-06    1.07454e-05   -6.60637e-02   -2.55460e-02    1.26314e-06    3.47500e+01  
 1.51569e-05   -8.68341e-06    1.78613e-01    3.87821e-02    9.42181e-07    2.33159e+01  
-2.66159e-06    3.27248e-06    1.98727e-02    6.40866e-03   -4.08894e-07    2.70080e+02  
-8.80942e-07    4.73206e-07   -5.75471e-02   -4.76707e-02    2.04312e-06    6.17748e+00  
 5.06940e-07   -1.29018e-05   -5.55526e-03    8.96719e-03    1.90087e-07    4.70331e+02  
-1.92346e-05    8.44332e-06   -1.13770e-03    5.98021e-04    3.21772e-06    7.12724e+03  
 9.76056e-06   -1.33207e-05    3.20205e-02    2.27854e-02   -1.81550e-06    4.19347e+01  
-2.69077e-05   -6.18299e-06   -1.76168e-01   -2.04364e-01    1.24189e-07    1.64338e+01  
 1.41014e-05    3.45458e-06   -1.68222e-02   -3.64749e-03    3.09783e-06    4.00361e+01  
 2.19059e-05   -2.23323e-05    6.01076e-02   -2.98711e-03   -2.69336e-06    7.82193e+01  
-2.65762e-05   -6.34193e-06   -3.30273e-04   -3.06056e-04   -1.11940e-06    4.38780e+03  
 3.97277e-06   -9.20487e-06   -1.22390e-03    5.73683e-04   -3.13519e-06    1.31139e+02  
 7.40560e-06   -1.65169e-05   -2.44952e-02   -1.73215e-02   -1.08838e-06    1.33951e+02  
 1.56003e-05    2.24828e-06    4.32448e-03   -1.34069e-03   -1.73964e-07    3.12299e+02  
-3.34395e-06   -4.42680e-06    2.18253e-03    4.52421e-03   -8.24784e-07    4.29125e+02  
 1.01339e-05   -1.00525e-05    1.64544e-03   -4.00529e-03    2.54275e-06    5.65269e+02  
-4.80228e-06    2.62253e-05   -5.69895e-02    1.41933e-01    1.36491e-07    2.21719e+01  
-2.60152e-06   -5.08010e-06    2.86573e-03    7.12369e-05    8.89151e-07    4.43164e+02  
 2.82139e-06    2.61632e-06    2.74900e-03   -2.77635e-03   -1.95008e-06    1.12977e+03  
 3.96051e-07    3.93943e-06   -1.38683e-02   -5.51116e-02    7.90916e-07    5.49170e+01  
 1.46051e-06    5.66671e-06    5.44001e-03    9.83497e-03   -8.72147e-08    7.10914e+01  
-8.14020e-06    3.56415e-06   -1.05590e-02    1.56937e-02    6.12136e-07    1.81811e+02  
-9.15207e-06   -1.30171e-05    5.79997e-05   -4.49430e-03   -5.02167e-07    1.67097e+02  
-2.51813e-06   -4.14795e-06    1.64326e-01    1.15478e-01    1.38542e-06    9.15828e+00  
 4.64493e-07   -4.85187e-06    3.39288e-03   -1.55924e-03   -5.10050e-06    4.93825e+02  
 3.93601e-06    1.14792e-06   -1.60936e-02    5.57376e-03   -2.98756e-06    1.81132e+02  
 1.46983e-05    1.10434e-05    5.79009e-01   -7.56932e-01    1.12385e-05    3.24670e+00  
 1.18922e-05   -3.92507e-05    2.49941e-01   -2.29370e-02    9.30227e-06    8.59848e+00  
 1.05186e-05   -1.82002e-05    3.60019e-01    3.60595e-02    5.41475e-06    1.06650e+01  
 7.09372e-06    5.92068e-06   -2.01536e-02   -1.88271e-02    2.22776e-06    1.12692e+02  
 2.52885e-06   -6.22227e-06    1.60202e-02   -1.65449e-02    2.03179e-07    4.41525e+01  
-4.75970e-06    1.27383e-05    1.76413e-03    6.97542e-04    2.67478e-07    1.03143e+03  
 8.26843e-06    3.73832e-06    2.66140e-02    2.98096e-02    4.65238e-08    5.55763e+01  
-9.98991e-06    2.94900e-05    1.47716e-02   -3.87714e-02   -6.58425e-08    9.14108e+01  
-3.16568e-06    1.60133e-05   -2.97888e-03   -3.96265e-03   -1.46001e-06    9.98633e+02  
-1.13023e-05   -8.21578e-06    1.42975e-02    1.12762e-02    1.75249e-06    5.64264e+02  
-3.80607e-06   -3.33304e-06    1.07449e-02   -1.87371e-02    9.20453e-07    7.39399e+02  
-4.73216e-06   -2.64143e-06   -2.43897e-04    1.47671e-02    9.26278e-07    1.41582e+02  
-8.03713e-06   -8.19405e-06    8.89460e-05    3.14874e-04    2.33344e-06    4.53855e+03  
-3.44659e-06    8.98915e-06   -3.72708e-03    4.01679e-02   -3.87179e-07    7.37029e+01  
-1.88022e-06   -1.40255e-05   -1.21736e-02    2.95511e-02    8.82068e-07    6.74364e+01  
-3.05720e-05   -1.10815e-05    2.79744e-02    5.03303e-02    1.79018e-06    1.61572e+01  
 8.25097e-06   -4.88080e-07    7.71473e-03    1.15944e-03    4.83321e-07    2.62355e+02  
 1.98251e-05    5.66088e-07    8.11635e-03   -3.80774e-03    1.17990e-06    9.41599e+02  
 1.62211e-06    9.94161e-06   -9.06361e-03    2.45140e-02    1.33856e-06    5.59318e+01  
-1.24843e-05   -2.33532e-06   -5.78347e-03   -4.35307e-02    3.11937e-06    2.03795e+01  
 1.24585e-05    1.82789e-07    3.02550e-02   -1.49153e-02    3.39905e-06    1.00077e+02  
 1.93129e-05    1.78250e-04   -1.66814e-01    8.33525e-01    1.24231e-04    9.41844e+00  
-1.67975e-05    2.33934e-06   -2.84978e-01    2.08906e-01    2.67625e-06    1.58185e+01  
 1.60800e-05   -1.33494e-05    5.66002e-03    1.18798e-02    8.33546e-08    1.18054e+02  
-6.36116e-06   -1.21727e-05    4.75031e-03   -4.16106e-03    3.96320e-06    6.23056e+02  
-2.15673e-05   -8.81891e-06    5.69102e-02    4.80193e-02    4.05457e-06    3.88378e+01  
 1.44960e-05    2.94155e-06    7.80110e-03    1.08456e-03   -7.08713e-07    7.38989e+02  
-7.91772e-06    2.27355e-05   -2.59697e-01    3.34662e-01    3.69971e-06    3.35592e+01  
 4.17858e-06   -1.45272e-05    1.32284e-02    3.08818e-04    8.54993e-07    5.56512e+02  
-2.83303e-07    7.70691e-07   -1.24023e-05    1.40565e-03    1.54656e-06    8.32096e+03  
 1.78119e-07   -2.10726e-06   -2.17276e-04   -1.19709e-03    2.03250e-06    5.15928e+03  
-9.74775e-06    6.67130e-06    1.45381e-02    2.52957e-02   -3.65727e-06    7.64550e+01  
 1.60669e-05    1.77516e-05    2.12299e-02   -2.39213e-02   -1.55562e-07    6.30570e+01  
 2.82064e-06    5.40907e-06    9.10117e-03   -1.49742e-01    2.40131e-06    1.57934e+01  
 3.38430e-06    2.21325e-07   -1.23401e-03    6.59211e-04   -4.75933e-07    2.54076e+03  
-2.41815e-05   -1.38026e-05   -4.23739e-03   -3.03008e-03    2.75851e-06    7.62701e+02  
-5.69578e-06    6.08388e-06   -3.80283e-03   -7.30110e-03   -3.08025e-07    5.32828e+02  
-4.40801e-06   -1.32387e-05   -3.80281e-02    6.93156e-02    2.30287e-06    9.81771e+01  
-1.34337e-05    3.55108e-07    1.27028e-03   -1.30394e-04    1.55456e-06    1.93554e+03  
-2.77777e-06    5.93192e-07    4.43347e-02   -1.21215e-02   -5.29499e-07    6.45049e+01  
 7.20205e-06    6.94008e-06    2.12406e-01   -1.72915e-02   -7.14293e-07    3.70325e+01  
-5.64229e-06    2.04223e-06    1.26088e-03    1.01224e-03    6.14734e-07    1.75243e+03  
 1.05759e-05   -1.85327e-06    3.07849e-04   -1.67371e-03   -2.14758e-06    3.62212e+03  
 3.65346e-07   -1.73120e-05    8.04759e-05    1.75338e-04   -2.71243e-06    4.77815e+03  
-1.03261e-05    2.12932e-05   -3.48312e-02   -2.74045e-01    1.20433e-06    7.54810e+00  
 3.65187e-07   -3.87524e-06    1.24932e-03    1.71079e-03    1.64648e-06    6.10708e+03  
 1.11272e-05   -2.49087e-06   -2.63456e-03    3.79781e-03    3.19021e-06    3.36763e+02  
 9.92207e-06    1.60822e-05   -4.61527e-03   -4.82742e-03   -2.06052e-06    6.82431e+02  
 6.03775e-06    8.56425e-06    1.53920e-02   -3.68126e-02    6.85217e-07    2.19750e+02  
 3.45122e-06    1.00196e-05    1.14679e-02   -7.79775e-04   -2.95134e-07    3.88222e+02  
-5.87196e-06    2.14487e-05    2.58647e-02    1.11960e-01   -1.82327e-06    2.54321e+01  
-8.80244e-05    1.75816e-05   -3.76974e-01   -2.53216e-02    2.35136e-05    6.62524e+00  
 6.40295e-08   -2.67501e-06    5.35175e-02   -2.00577e-02   -3.51303e-07    5.88103e+01  
-1.06394e-05   -9.35145e-06    1.86220e-02   -4.90532e-02   -1.29420e-06    7.85914e+01  
-3.25357e-06    4.31207e-06    5.14809e-04    2.66881e-03    2.14081e-06    4.37961e+02  
-3.93271e-06    2.35561e-06    3.89492e-03    4.70744e-04    2.39525e-06    7.68778e+02  
 4.39262e-06    3.29126e-06    2.86681e-02   -7.07912e-03    6.64006e-07    1.27168e+02  
-1.26251e-05    2.32582e-06   -4.64653e-05    1.37256e-03    4.11790e-07    2.55963e+03  
-2.12829e-05   -1.38836e-05   -7.32152e-04   -5.74866e-04   -1.21904e-06    1.62901e+03  
-4.35104e-06    1.94772e-05    5.28654e-04   -2.09157e-03    5.53110e-07    1.13176e+03  
-3.66107e-05    4.76063e-06   -3.75734e-01   -7.14952e-02    8.82815e-06    9.35395e+00  
 3.07298e-06   -1.58311e-05   -3.36350e-04    1.08402e-03   -2.42321e-07    1.60341e+03  
-8.48964e-06    1.05945e-05   -1.15556e-02    6.63318e-03    2.70213e-06    9.98350e+02  
-2.62081e-06   -1.54230e-05   -8.61606e-04   -7.33933e-04    3.30788e-07    3.03087e+03  
 1.62811e-05   -4.93268e-06   -7.02590e-02   -2.85970e-02   -3.20481e-06    3.20708e+01  
 2.37482e-06    6.25981e-06    9.54626e-02    5.34217e-02    2.96906e-06    3.06785e+01  
 7.08067e-06    9.29893e-06    1.67237e-03    5.54090e-04   -3.08734e-06    2.71445e+02  
 7.73557e-06    1.48782e-05   -8.44820e-04   -1.60061e-03   -3.21089e-06    6.39330e+02  
 1.72709e-05   -8.47386e-06   -3.50235e-03    6.08637e-03    2.31192e-06    1.30214e+02  
-2.09631e-05   -1.20114e-05   -6.94708e-04    1.52117e-03    4.66673e-07    4.28598e+03  
 7.06673e-06   -8.51027e-06    3.39865e-02   -5.57631e-02    1.70737e-06    8.44595e+01  
-1.06331e-05   -1.05201e-05    6.52305e-03    2.92084e-03    1.21834e-06    1.77494e+02  
-5.06291e-06   -8.37216e-06   -2.61775e-03   -1.81500e-03    1.64520e-06    9.61452e+02  
 3.26432e-05   -9.01658e-05    7.15756e-01   -3.43791e-01    7.01269e-05    5.14635e+00  
-7.09024e-06    1.45254e-06   -2.18278e-03   -3.72653e-03   -3.55736e-06    8.19470e+02  
-2.95832e-06   -1.77554e-05    3.69155e-04   -5.22764e-03   -3.08981e-06    1.69819e+03  
-8.60500e-07   -1.39412e-06    7.47999e-03   -5.50544e-03    4.00005e-06    8.03336e+02  
-9.88080e-06   -2.03519e-05   -2.91705e-01   -1.06122e-01   -4.69324e-07    1.20276e+01  
 1.03633e-05    1.49687e-06   -1.66082e-03   -4.66766e-03   -3.52050e-06    1.40675e+03  
 3.91606e-06    1.22765e-05   -9.62400e-04    2.54645e-03    8.13101e-07    1.75409e+02  
-4.48818e-06   -2.57208e-05   -8.34513e-04   -2.47981e-03   -2.32740e-06    1.03835e+03  
 9.58377e-07   -1.28357e-05   -2.00897e-03   -3.97275e-02    1.39428e-06    1.78231e+02  
 1.61348e-06    2.93241e-06    1.22479e-03   -8.82402e-04    6.16106e-07    3.89818e+03  
-7.06350e-06    2.38742e-05   -1.59459e-03    1.32121e-03   -2.99945e-06    1.28487e+03  
-2.88686e-06   -4.34069e-06    1.50997e-02    1.46925e-02    3.38253e-06    2.78413e+01  
-2.75420e-05    7.47696e-06   -5.54831e-01    2.76149e-01   -4.76536e-07    1.87148e+01  
 1.48569e-06   -5.04635e-06   -1.52869e-02   -1.77701e-03   -8.51322e-07    8.21743e+01  
 7.55088e-07   -9.07674e-06    7.68792e-02   -5.27809e-02   -1.63887e-06    2.27598e+01  
-8.57644e-06    9.43564e-06    1.20141e-02    2.01201e-02   -2.13946e-06    2.32193e+02  
 3.45767e-05   -2.45544e-05    4.68405e-01   -2.80952e-01    9.38517e-06    7.64306e+00  
-7.79489e-06   -1.21872e-08   -6.14641e-03    6.20632e-03    2.22301e-06    9.09440e+02  
-7.60502e-06   -1.12000e-05   -6.85772e-03    4.49364e-02    2.50364e-06    1.74690e+02  
-2.79817e-06   -4.30071e-06   -4.99586e-02    3.95474e-02   -3.27216e-06    5.61861e+01  
-1.52533e-05   -1.48804e-05   -2.07458e-03    7.11706e-03   -9.00833e-07    3.80933e+02  
-3.34531e-07    2.93906e-06    4.00435e-04   -9.99415e-04    5.58572e-07    4.02258e+02  
-6.54633e-06    1.76684e-05    2.98886e-02   -2.02408e-03    4.03163e-06    2.88219e+01  
 1.58648e-05    1.02667e-05    2.44981e-04   -7.93789e-05    7.37249e-07    3.61689e+03  
 2.32483e-06    7.86548e-06    1.80673e-04   -1.19921e-03    6.07911e-07    6.04738e+03  
-5.94530e-06    1.18538e-05   -5.56008e-02   -2.02030e-02   -9.06908e-07    3.92759e+01  
 3.74851e-06    5.56603e-06   -1.23510e-03   -2.07956e-04    1.66828e-07    1.27926e+03  
 2.94784e-06   -8.88246e-06    9.91343e-03    3.22686e-03    8.03545e-07    4.70318e+02  
 7.27509e-06    3.15562e-07    6.11303e-02    1.70613e-02    4.67909e-06    1.11045e+02  
-9.77425e-06   -1.01016e-05    2.54801e-03   -2.25496e-02    3.21051e-07    1.29592e+02  
-1.27185e-05   -3.31701e-06    2.28738e-03    1.23622e-03   -1.66370e-06    3.00545e+03  
 1.83736e-05   -9.28101e-06    1.77324e-01    8.75269e-02    3.19203e-06    8.42714e+00  
 3.93667e-05   -3.57937e-06    5.13354e-04    3.54854e-04    3.21552e-06    3.01728e+03  
-4.14359e-06   -5.75202e-06   -1.92615e-03    1.24749e-03    3.71792e-06    1.00754e+03  
-5.45807e-05    1.26111e-04   -1.77809e-01   -3.68589e-02    8.33393e-05    4.13909e+00  
 9.31639e-07    1.23021e-05    5.71462e-05    8.58804e-04    1.74954e-06    4.64233e+03  
 6.54094e-06    1.82976e-05    3.10398e-02    1.39707e-01   -6.48767e-07    4.45032e+01  
 8.29700e-09   -1.11609e-05   -2.51061e-03   -3.77510e-04    3.85675e-07    7.40610e+02  
 3.77591e-06    8.07482e-05    6.54435e-01    7.90186e-02    5.27644e-05    3.07755e+00  
 2.94271e-05   -1.22082e-05    1.94598e-01   -7.61573e-02   -1.50304e-07    5.60235e+01  
-1.64022e-05    7.10628e-06   -4.09977e-02   -9.56062e-02    2.72723e-06    5.80781e+01  
 1.23232e-06    1.02952e-05    6.47188e-04    1.90028e-04    9.73531e-07    1.39139e+03  
-6.19036e-06   -1.26966e-05    2.05754e-03   -1.62234e-03    6.03004e-08    1.45210e+03  
-1.67764e-06   -1.16263e-05    1.71699e-02   -1.09330e-02    9.37101e-07    1.42138e+02  
 5.21754e-07   -6.77931e-06   -1.95627e-02   -1.17561e-03   -9.66158e-07    7.98713e+01  
 7.53216e-06   -8.66789e-06    6.89518e-04   -1.33383e-03    3.99115e-07    2.12467e+03  
 9.31127e-05    6.87166e-06    4.48675e-01   -5.73405e-01    3.86113e-05    6.79265e+00  
 1.92298e-05    1.40346e-06    1.26548e-01    4.78521e-02    4.91801e-06    3.45661e+01  
-8.60209e-06   -2.94967e-06   -7.96821e-04    3.30294e-03    2.30995e-06    2.18031e+02  
-1.62003e-05   -5.89382e-06   -1.35636e-03    4.45310e-03    2.43035e-06    2.30150e+02  
 2.10610e-05   -6.35159e-05    2.17277e-01   -3.00205e-01    1.09539e-05    2.64263e+01  
-1.50758e-05    1.20960e-05    2.73368e-03   -1.41502e-02   -1.72594e-06    2.30455e+02  
-1.85051e-05   -1.23732e-05   -4.90123e-03    1.23888e-02   -6.70063e-07    1.04920e+02  
 6.08191e-07   -3.89500e-06    1.31046e-03    3.75983e-03    4.69254e-06    1.73104e+02  
-4.60405e-06   -1.45441e-05   -9.89720e-03    1.15139e-02    2.03137e-06    2.66381e+02  
-4.89689e-06   -6.24317e-06   -7.30709e-04    6.01245e-03    1.76308e-06    6.55531e+02  
-9.56214e-06    8.08232e-06   -7.82797e-04    1.66111e-04   -5.07795e-07    8.99024e+02  
 1.04381e-05    2.01892e-06    1.51958e-03    3.18112e-03    2.93906e-06    1.91872e+03  
 2.67129e-05    1.53234e-05    2.12404e-02   -9.86853e-03    1.00910e-06    2.60851e+02  
 6.59442e-06   -5.36686e-06    3.03809e-02    4.21373e-02   -1.46402e-06    8.59352e+01  
-2.06748e-05   -8.02436e-06   -7.26023e-03    6.10225e-04    1.79080e-06    2.05431e+02  
-6.81579e-07    6.37078e-07   -7.73891e-03    6.09569e-04    2.21327e-06    5.54503e+02  
 9.03921e-06    9.06859e-07   -3.43270e-04    1.18887e-02    2.98634e-06    1.61278e+02  
 5.18617e-06    1.13229e-05    1.68372e-02   -7.97733e-03   -1.00725e-06    1.67003e+02  
 6.80044e-06    8.56283e-06    1.26942e-02    4.97968e-02    1.99785e-06    3.08745e+02  
 1.16511e-05   -9.01872e-06    5.00144e-02   -3.28566e-01    3.26131e-06    7.88000e+00  
-1.20071e-05   -2.38383e-06    2.57578e-02    9.48657e-03    9.76371e-07    8.62675e+01  
 3.27929e-06    4.30530e-06    1.79516e-02   -1.49979e-01   -4.34391e-07    3.13192e+01  
 6.33758e-06    1.78073e-05    9.86789e-04   -1.11058e-03    8.06665e-07    1.54567e+03  
 7.38688e-06   -1.77356e-05   -7.45437e-03   -2.59233e-02   -2.51277e-06    4.60988e+02  
 8.38225e-06    9.88191e-06   -8.01768e-03   -2.04031e-03    2.29003e-06    1.38266e+03  
-4.08854e-06    6.16118e-06    2.42405e-04   -1.44866e-03   -3.44417e-07    2.30481e+03  
 1.74910e-06   -6.37507e-06   -2.52021e-02   -2.61407e-02    1.01508e-06    1.24150e+02  
-1.47286e-05    6.03555e-06    8.24975e-02   -1.13150e-01    3.87742e-06    3.22220e+01  
-2.32018e-05    1.01752e-05   -1.32620e-03   -4.64100e-03    4.42146e-06    1.45410e+03  
 4.89870e-06   -3.90777e-06   -2.78155e-04   -1.18969e-03   -2.78523e-06    1.67649e+03  
 8.64422e-06   -1.44880e-06   -9.27455e-04    7.77008e-03   -8.90425e-07    2.71171e+02  
-7.81588e-06   -5.98897e-06    1.43381e-04   -8.13920e-04    5.89871e-07    4.00995e+02  
 2.46508e-06    1.10635e-05    4.45142e-03    3.41065e-02    1.32806e-06    1.11946e+02  
 1.70317e-05    1.02321e-05    5.33045e-02    7.13486e-03   -1.57548e-06    1.14130e+02  
 8.86739e-06    5.14847e-06    2.49451e-04   -3.34496e-04   -1.88578e-06    4.76898e+03  
 5.13340e-06   -1.50546e-06    1.71218e-03    1.09686e-02    2.34078e-06    3.79584e+02  
 1.29890e-05    5.21114e-06   -4.93733e-03    2.32063e-03    6.91637e-08    2.40246e+02  
-5.84378e-06    1.38597e-05    4.69248e-04   -9.47153e-04   -2.94326e-06    3.70569e+03  
 4.87411e-06    1.64374e-05   -7.44783e-04    1.21337e-03   -3.49206e-06    5.33877e+03  
-6.37794e-06    1.10477e-07   -1.33421e-03    2.31173e-04    3.71455e-07    5.41228e+03  
-1.35503e-05    6.37773e-06   -8.41401e-03   -1.37102e-02    1.41420e-06    1.51654e+02  
-3.94980e-06   -9.62802e-06   -1.24010e-01    3.64699e-02    4.68013e-07    5.08350e+01  
 3.41939e-05   -1.36685e-05    9.55554e-01    2.51226e-01    7.94497e-06    5.74009e+00  
-1.32620e-05    3.92522e-06    8.25809e-04    1.13371e-02    1.24989e-06    3.96467e+02  
 1.61053e-05   -1.58119e-05    6.86453e-02    5.44927e-02    2.82029e-06    9.25195e+00  
-3.01981e-05   -7.73994e-06    3.63294e-03   -4.46279e-04   -2.35929e-06    7.26451e+02  
 1.41675e-05   -1.81246e-06   -1.26795e-02   -1.19311e-02    1.38373e-06    5.18951e+01  
-1.29361e-05   -6.43463e-06   -8.90688e-04   -3.06509e-03   -4.35279e-07    7.65865e+02  
 1.97607e-05   -9.37211e-06    3.37129e-02   -5.33504e-02    1.81142e-06    6.87481e+01  
-5.66730e-06   -1.12833e-05    1.30184e-02   -1.42089e-01    7.69832e-07    2.75075e+01  
 7.29458e-06    4.28574e-06    2.29172e-03   -1.36723e-03    4.33252e-06    1.08926e+03  
 6.74527e-06   -6.38469e-06   -3.34230e-04    1.92044e-03   -2.37747e-06    3.50537e+03  
 7.69781e-07    1.43192e-05   -4.56120e-05    8.28049e-03    5.38775e-09    1.51286e+02  
 1.00546e-05   -9.70901e-06   -3.18970e-03   -2.25210e-03    1.78760e-06    1.55146e+02  
 8.28564e-06    1.31062e-06   -5.80324e-04   -1.57056e-02   -8.27206e-07    2.92840e+02  
-2.23874e-05   -7.97029e-06    1.03715e-03   -1.99724e-03   -3.76158e-07    2.56818e+03  
-1.05964e-06    4.06710e-06    9.61316e-03   -2.07707e-03    2.98318e-06    1.25691e+02  
 3.54971e-06   -3.02475e-06   -7.06470e-03    3.72200e-02   -9.49540e-07    5.61817e+01  
-1.63986e-05    1.22773e-05    8.22780e-03    1.96580e-03   -1.25958e-06    8.35242e+02  
-9.71756e-07   -6.24900e-07    1.95068e-03   -3.74328e-04    2.32046e-06    3.46688e+03  
 8.71482e-07    1.66894e-06    2.00013e-02   -1.69571e-02   -1.54802e-06    2.50931e+02  
-1.37044e-05    5.30185e-06    1.10460e-01    4.26443e-02    2.63343e-06    2.04751e+02  
-9.95132e-07   -1.11850e-05   -1.18720e-02   -1.75018e-02    1.20434e-06    1.91553e+02  
-1.58342e-05   -9.15289e-06    1.08764e-01    3.51863e-02    1.70301e-07    2.03238e+01  
 8.50773e-06    1.02869e-05   -4.91266e-03    9.42766e-03    6.41735e-07    4.03162e+02  
 5.54027e-06   -4.00313e-06    2.05697e-04   -1.34396e-03    1.75885e-06    5.73323e+03  
 1.28117e-06    1.91916e-05    1.62031e-03    2.78253e-04    2.20881e-06    2.17789e+03  
-2.00909e-05    2.98387e-06   -2.47706e-03   -4.99887e-02    6.89804e-08    2.35740e+01  
-9.37157e-05   -3.73720e-06    3.66669e-01   -6.98260e-01    4.64454e-05    3.00787e+00  
-1.74664e-06   -1.59748e-05   -4.19790e-02    3.07971e-02   -5.25907e-06    5.15820e+01  
-6.30612e-06    1.29962e-05   -1.83625e-02   -6.70264e-04   -2.22985e-06    6.74031e+01  
 3.93048e-07    8.05676e-06   -3.97679e-02   -3.54110e-02    1.32432e-06    2.74413e+01  
-1.30874e-05   -2.34659e-05    3.93737e-02   -1.39771e-02   -9.71486e-07    1.96075e+02  
-2.13157e-06    8.74666e-06    2.23030e-03    4.56232e-03   -4.45936e-07    1.35987e+03  
-1.00421e-05    8.31418e-06    7.86362e-04   -9.86394e-04   -1.17585e-06    2.70422e+03  
 2.34787e-05   -2.16167e-06   -1.28047e-03    2.11941e-03    4.25103e-07    3.06570e+03  
 4.32292e-06   -2.31063e-06   -7.07277e-04    1.07759e-04    6.06008e-06    4.36252e+03  
 6.49107e-06   -1.72039e-05   -7.53905e-02    1.46226e-02   -9.77371e-08    3.63825e+01  
-8.66633e-06    1.24804e-06    4.51760e-01    6.54418e-01    7.36469e-07    2.67329e+00  
 2.73283e-05    1.16996e-05    1.34554e-03   -1.66819e-02    1.42195e-06    5.90365e+02  
-1.76279e-06    8.01815e-06   -4.24114e-03    9.63130e-04   -2.57515e-08    5.60870e+02  
-5.82578e-07    1.93439e-05   -6.56523e-03    7.93322e-03   -3.47485e-06    2.82838e+02  
 4.13235e-06    2.14942e-06   -1.52475e-02   -3.42303e-02   -2.91553e-07    4.44375e+02  
 2.00381e-06   -1.58832e-05    1.71366e-02   -2.84263e-02    1.58482e-06    7.19445e+01  
-9.01853e-06   -7.82161e-06   -1.78973e-03    6.98865e-04   -2.19304e-06    3.22176e+03  
 2.22479e-05   -1.45220e-05    2.89037e-01   -1.81236e-02    1.77209e-06    1.87278e+01  
 3.07037e-05    1.10830e-05    1.35298e-01    1.81812e-01    1.09524e-05    5.27589e+00  
 1.07601e-05    1.94630e-06    1.32224e-01   -8.45569e-02    4.75462e-07    2.87138e+01  
 1.01002e-05    1.27223e-05   -4.21095e-03   -3.86545e-03    1.60557e-06    2.99431e+02  
 1.09544e-05   -1.56958e-06   -7.69820e-03   -1.92882e-02    1.45334e-06    9.55254e+01  
 4.62720e-06   -1.30338e-05   -5.25052e-03   -3.67338e-03   -5.29080e-07    1.20352e+03  
 1.06199e-05    8.32983e-06   -3.73476e-03    4.49109e-03    9.49327e-07    9.35580e+02  
-8.45503e-06   -6.11105e-07    4.99745e-02   -1.79149e-01    3.72187e-06    1.46366e+01  
-4.35582e-07   -1.86086e-05    5.38602e-02    1.18028e-01    4.54655e-07    1.16852e+01  
 4.63620e-06   -3.02890e-06   -5.75339e-02    3.51839e-02   -4.04284e-07    4.96832e+01  
 3.11805e-06   -6.59733e-06   -1.55488e-01    4.59068e-02   -1.55810e-06    6.00819e+01  
-1.50389e-05    1.86252e-06    2.27694e-03   -3.86205e-05    7.45058e-08    1.86758e+03  
-8.90710e-06   -2.87843e-06    1.09597e-03   -1.76406e-03    1.47110e-07    7.71217e+03  
-8.85641e-06   -4.87154e-06    8.60840e-03    5.20643e-03    1.20064e-06    2.36111e+03  
 1.22118e-05   -1.16250e-05    3.00186e-02   -2.62671e-02   -5.60145e-07    7.25523e+01  
 1.46647e-05    1.09214e-05   -1.20079e-03    2.84555e-03    1.24312e-06    1.08755e+03  
-5.87620e-07    2.73402e-06   -7.18547e-03    1.30028e-02   -3.67866e-06    9.09625e+01  
 9.27289e-06    1.10806e-05   -5.21541e-03   -2.81660e-03    6.52514e-07    8.39159e+01  
-9.88908e-06   -1.68439e-05   -1.53927e-03    3.62300e-03    5.45530e-08    5.06843e+02  
-1.07514e-05   -1.41596e-05   -1.51379e-03   -1.44890e-03    3.94137e-07    1.92143e+03  
-8.93766e-06    5.42850e-06   -8.12413e-03   -3.68373e-02    2.74483e-06    4.83864e+01  
-6.08104e-06    5.35377e-06    5.46823e-03    3.91536e-03   -3.39574e-07    3.72044e+02  
 8.49657e-06    1.93669e-06   -6.88914e-04    3.81758e-04    1.26260e-07    2.72842e+03  
 9.09526e-06   -7.34932e-07    3.18460e-03    4.65534e-04   -5.76951e-07    4.61202e+02  
 6.77835e-06   -5.46628e-06   -5.96762e-02   -6.04078e-03    4.12164e-06    5.91257e+01  
 1.28711e-05    1.51151e-05    7.77487e-04    2.33525e-03   -1.46365e-06    4.85208e+01  
-1.12168e-05    1.70815e-05    1.38518e-02   -7.73789e-03    4.71358e-07    1.88605e+02  
 2.16747e-05   -2.71110e-05    2.31750e-01   -4.55796e-01    5.62093e-06    8.39533e+00  
-9.13286e-07   -7.91585e-07   -2.08756e-05    3.05974e-03   -1.93776e-06    2.19491e+03  
-8.43249e-06    2.35250e-06    5.08432e-03   -9.29657e-03   -3.45727e-07    1.40815e+02  
 3.53977e-06    1.17046e-05    9.93119e-02   -2.36582e-01    6.65479e-07    1.07274e+01  
 7.86325e-07   -6.85666e-06   -8.14588e-04   -9.19277e-04   -2.99306e-06    6.27877e+03  
 9.34784e-06    2.28505e-06   -1.23168e-02    3.21137e-02    9.91559e-08    1.14034e+02  
 2.01530e-05    8.83465e-06   -2.61572e-01   -1.46834e-01    7.06098e-06    4.47665e+00  
-2.33372e-06   -9.60034e-06    5.09275e-02   -1.90193e-03    2.31411e-06    4.03898e+01  
 6.77236e-07   -2.47178e-05    6.72038e-02   -1.26051e-01   -1.95536e-06    1.69669e+01  
 1.56489e-05    7.37607e-06   -9.23966e-03   -1.77318e-02   -1.24540e-06    1.55443e+02  
-2.53968e-06    1.62864e-05   -8.68847e-03    2.42683e-04    2.08009e-07    4.47723e+02  
-1.54412e-05    3.35764e-06   -1.35802e-01    8.48443e-04   -2.33441e-06    9.06906e+01  
-5.45759e-06    4.79027e-06    7.85069e-03   -1.69913e-03    5.91911e-09    4.12831e+02  
-2.97125e-06    9.09288e-06   -8.08553e-03    1.09456e-02    1.53865e-06    5.77090e+02  
 5.83683e-06   -1.13882e-05   -4.42299e-02    1.02454e-02   -9.32077e-07    1.31336e+02  
 4.75992e-07   -4.66213e-06   -1.05228e-03    9.77996e-03    2.70881e-06    4.61277e+02  
-5.61921e-06   -9.11898e-06    1.62984e-03    7.31274e-05   -9.44662e-07    3.67611e+02  
 1.10859e-05    1.62577e-06    8.68447e-04   -1.08316e-03   -1.29760e-08    4.56042e+03  
 3.20160e-06   -1.37005e-05    1.21646e-02    4.26461e-02    4.32793e-06    2.44102e+02  
 2.99979e-07   -1.28351e-05   -1.84048e-02   -2.59843e-03    3.66030e-06    1.13779e+02  
-2.63853e-05    9.27252e-06   -8.09500e-03   -5.34284e-03   -1.33670e-06    5.07784e+01  
-1.01812e-06    5.47749e-06   -4.67040e-03   -1.40568e-02   -4.63740e-07    3.68941e+02  
 6.70449e-06   -1.59689e-05    2.39258e-03   -2.23690e-03    3.73743e-06    7.72464e+02  
 4.57438e-06    1.58898e-05   -4.62934e-02   -5.31601e-02   -5.70963e-06    4.29083e+01  
-4.23768e-07   -1.58419e-05    2.96873e-02   -1.05556e-02    5.48798e-06    2.63827e+02  
 1.39304e-05   -1.25244e-05    6.57610e-02   -2.15477e-04    3.13198e-07    2.65688e+01  
-7.80139e-06   -1.06976e-05   -3.62824e-02    5.81540e-03    4.03413e-07    4.66763e+01  
-4.70111e-06   -8.02646e-06    2.19383e-01   -2.13420e-01    1.24300e-06    2.10023e+01  
-2.82923e-06    3.90662e-06   -1.68649e-03   -1.65558e-03   -4.21635e-06    2.57445e+03  
-6.95986e-06   -1.94524e-06    2.65543e-03   -3.20703e-03    1.92082e-06    3.07593e+03  
 6.46172e-06    1.21134e-06    8.80356e-02   -1.64115e-02    8.02998e-07    8.76090e+01  
-3.58181e-06   -2.36948e-06   -6.19383e-04   -1.57543e-02   -9.59311e-07    1.73706e+02  
-1.48404e-05    1.00821e-05   -1.13364e-02   -3.82383e-03    3.83638e-06    1.84502e+02  
 7.48249e-06    7.51601e-06    1.07505e-02    1.40384e-02   -1.05729e-06    3.09404e+02  
 1.36948e-05   -9.14065e-06    1.15552e-01   -1.02083e-01    4.83840e-06    2.24771e+01  
-7.27740e-06   -3.21835e-06   -9.15353e-04   -5.66122e-03    1.11296e-06    5.86498e+02  
-9.93803e-06    1.71100e-06   -2.19187e-04    1.88867e-03    4.03644e-06    1.37504e+03  
 4.02710e-06    2.07893e-05   -4.36132e-03    9.92904e-02    1.50844e-06    2.88273e+01  
-6.55370e-06    9.04237e-06    1.94401e-01    2.87208e-02   -1.87659e-06    5.42310e+00  
-5.79779e-05   -8.51848e-06   -4.90255e-01   -1.14404e-01    1.57780e-05    9.91687e+00  
-9.53568e-06    3.34689e-06    2.69595e-04    8.15710e-04   -1.06863e-06    4.47677e+03  
 5.72254e-06   -3.57532e-06   -1.11917e-02   -1.18358e-03    2.06142e-07    2.04541e+02  
 1.34628e-06    5.99908e-06    7.75200e-02    7.18270e-03   -1.13812e-06    1.28391e+02  
 5.42870e-06   -1.61457e-06    2.40359e-04    6.06164e-04    1.70144e-06    1.88514e+03  
 1.41769e-05    1.19775e-06   -2.05041e-03   -4.55687e-04    1.93176e-06    4.17097e+03  
 8.60256e-06    9.79879e-06   -5.62712e-03    1.83125e-02   -9.39220e-07    1.16204e+02  
 8.74737e-06    1.83209e-05   -3.81095e-02   -5.50056e-02   -4.38931e-07    4.61929e+01  
-3.73059e-06    1.13901e-06    4.24611e-03    2.53216e-02   -2.12934e-06    1.57101e+02  
 1.27596e-05   -5.04721e-06   -2.93010e-02    1.47937e-02    1.29743e-06    1.08705e+02  
 3.26716e-06   -1.46940e-05    1.35745e-03   -6.06893e-04   -8.93631e-07    7.38682e+02  
-6.15783e-06    8.03212e-06   -1.02792e-01    2.04038e-01    4.55058e-06    1.52199e+01  
 7.90375e-06    6.42294e-06   -4.71485e-03   -3.17655e-03   -2.50864e-06    3.67350e+02  
-1.01584e-05   -4.97764e-07   -1.03376e-01   -2.72384e-02   -1.33603e-06    1.50399e+01  
 1.04443e-05   -7.75242e-06   -1.58952e-03   -9.90155e-04    2.29388e-06    4.63293e+03  
-7.38011e-06   -2.84846e-05   -1.61951e-02   -3.80027e-02    4.98931e-07    6.67538e+01  
 3.32281e-06   -2.49157e-06   -2.59911e-02   -5.25470e-02   -2.26679e-06    6.23545e+01  
 7.84486e-07   -8.14888e-06    1.22970e-02   -2.35135e-03   -1.57246e-06    1.46510e+02  
-8.13838e-06    1.84673e-06    1.67068e-02    9.71936e-02    1.34758e-06    3.25707e+01  
-2.45227e-06   -1.83394e-06   -1.32055e-01   -1.52179e-01   -5.62652e-08    1.60392e+01  
 1.37636e-05    1.91890e-06    5.86632e-02   -1.11167e-01    5.74801e-07    2.73985e+01  
 3.06714e-05    1.03968e-05    5.40867e-02   -5.47305e-02    2.61085e-06    5.10061e+01  
 2.26754e-05    2.37333e-05    4.25313e-01    5.14039e-01    1.37000e-05    7.93524e+00  
-1.16071e-05   -1.21750e-05    1.82989e-02   -5.96090e-03   -1.76086e-06    3.82988e+02  
 4.09155e-06    8.41596e-05    7.35079e-02    4.33441e-01    3.32760e-05    1.01589e+01  
 1.94112e-06    1.25187e-05   -8.44999e-03   -1.00603e-02   -2.98472e-06    5.36560e+02  
-2.04346e-05    4.29610e-07   -1.14544e-01   -4.38236e-02   -2.52985e-07    1.08527e+01  
 9.17849e-06    7.65111e-06    6.48080e-02    3.16869e-02    2.99802e-06    1.13156e+02  
 5.58159e-05   -2.76120e-05   -5.99912e-01    1.16066e-01    4.55446e-05    2.74155e+00  
 2.74459e-06    7.28170e-06   -3.07689e-05   -7.94102e-03   -2.26101e-06    8.35866e+02  
 7.54425e-06    7.29714e-07    2.99659e-01   -7.30276e-04    2.82970e-07    1.26837e+01  
-1.85532e-06   -1.96952e-05    7.45764e-04    1.84256e-05   -2.34852e-06    6.22044e+03  
 6.66949e-07   -6.36734e-06    1.12119e-02    1.04705e-02    1.22884e-06    2.95129e+02  
-5.50335e-06    1.06055e-05   -1.59705e-03   -4.70900e-03    1.53897e-06    7.77494e+02  
-6.54627e-07    2.00233e-06    1.83196e-02   -1.03208e-02    1.04863e-06    4.15258e+01  
-1.87823e-06    1.56783e-05    2.43615e-02    1.90212e-02    9.94242e-07    2.04860e+02  
 1.18757e-05    6.66069e-06   -1.60517e-02   -1.21378e-02    1.21082e-06    1.97451e+02  
 1.01506e-06    3.00094e-06    1.78805e-03    1.43390e-03   -3.21443e-06    1.91333e+03  
 5.40689e-06   -4.96071e-06   -1.19164e-03   -4.80706e-04    9.02371e-07    1.41091e+03  
 2.17883e-06   -2.97521e-06   -8.80408e-03   -1.42732e-03    1.39460e-06    3.84559e+02  
 8.43348e-06   -3.80627e-06   -2.07164e-03    2.06808e-03   -4.15637e-06    4.61930e+02  
 1.02920e-05    6.59104e-06   -2.63004e-03    6.11642e-02    2.26593e-06    4.57393e+01  
-6.23479e-07    6.26516e-06   -5.76297e-02    4.16132e-02   -4.66222e-06    2.38427e+01  
 4.71722e-06    4.08208e-06   -8.24974e-03   -4.62195e-03   -1.69702e-06    2.49438e+02  
 6.61822e-06   -4.42571e-06    2.55524e-03   -6.50008e-03    3.63573e-07    5.25496e+02  
-5.56908e-06    3.09827e-06   -4.82452e-02    6.37403e-02    5.27709e-07    1.09224e+02  
-8.82233e-06   -9.15810e-06   -1.36180e-03    2.87084e-03   -3.54273e-07    1.15267e+03  
 1.01517e-06   -1.68569e-05   -5.55175e-03   -7.84828e-03    3.72428e-06    5.78042e+02  
-8.48648e-06    2.94494e-06    3.07444e-03   -5.36376e-03   -1.60599e-06    1.28781e+02  
-1.86228e-06    6.88356e-06   -1.54304e-02    1.25124e-02    4.41987e-06    2.91438e+02  
 1.73493e-05   -8.20727e-07   -8.52820e-04   -8.61467e-04   -1.51728e-07    9.48667e+02  
 1.93940e-06    1.81755e-05   -5.29998e-03    3.78894e-04    8.06276e-07    1.20248e+03  
-1.32999e-05    5.13789e-06   -6.11411e-03    3.86013e-03    1.02367e-06    7.74196e+02  
-5.21048e-06    2.34190e-05   -1.69003e-02    9.70947e-03    1.16293e-06    1.06235e+02  
-1.68823e-07    3.29651e-06   -1.32440e-03    2.98895e-03    7.57617e-07    2.56926e+03  
-2.68601e-06   -3.26988e-06   -7.28137e-04    1.38814e-03    1.16976e-06    6.55106e+03  
-2.04116e-06   -1.35983e-05    3.76497e-03    1.33906e-02   -1.58113e-06    1.67716e+02  
 2.07233e-05   -1.72217e-05    1.47376e-01    1.59929e-02    3.32377e-06    4.30330e+01  
-5.66617e-06   -3.81448e-06    1.98897e-02   -1.07060e-02    1.36597e-06    1.98858e+01  
 9.81905e-06   -5.69244e-06    7.57122e-04   -1.02302e-04    5.22942e-07    5.90972e+03  
-2.41856e-06   -1.39860e-05    1.65102e-01   -1.02196e-02    1.86006e-06    4.18725e+01  
-3.98811e-07   -3.77482e-06    1.28719e-02   -7.37447e-03    4.72665e-06    1.29972e+02  
-7.62326e-06    1.30268e-05   -4.14105e-04    1.33998e-03    4.89113e-07    1.38624e+03  
-8.71783e-06   -1.96525e-05   -9.10835e-03    3.30778e-02    3.13683e-07    3.44919e+01  
 7.78438e-06    5.22183e-06    1.78795e-03   -1.17500e-02    4.99875e-06    3.02168e+02  
 1.43591e-05   -1.26199e-05    1.26841e-02   -7.78638e-02   -3.50347e-06    4.37577e+01  
 2.82750e-05    1.05179e-05    3.80543e-03    7.34326e-04    7.63492e-08    8.62653e+02  
 3.40137e-06    1.33647e-05   -1.67948e-02   -6.30303e-03    2.65397e-06    4.30365e+02  
-2.09415e-06   -1.29380e-05   -1.18986e-03   -2.00948e-03   -5.58923e-07    2.27271e+03  
-6.97081e-06    2.41018e-06    8.23468e-04   -2.35741e-03   -7.74227e-07    3.19760e+03  
-9.63995e-07   -1.27010e-05    3.06850e-02    9.56394e-06    2.24959e-06    1.83374e+02  
-5.27676e-06    3.73609e-06   -2.31831e-03    1.61679e-03    1.31384e-06    1.30468e+02  
 1.22888e-05    1.20121e-05   -4.19035e-03   -2.27483e-04   -1.17264e-06    6.63448e+02  
-4.86827e-06    6.72880e-06   -3.67372e-03    3.10439e-03   -1.47217e-06    3.73242e+02  
 1.13298e-06    2.87137e-06   -4.69092e-02   -1.96221e-01   -2.11990e-06    3.66320e+01  
-4.06758e-07   -6.11216e-06   -2.82191e-03   -6.15746e-04    6.85879e-07    5.09330e+02  
 1.16654e-05   -9.68938e-06   -2.65428e-01   -1.73517e-01    4.28236e-06    1.29487e+01  
 8.20974e-06    1.06195e-05    6.63298e-03    1.09895e-03    2.26401e-06    3.64099e+02  
 2.21249e-06   -2.83820e-07    1.75848e-02    1.13594e-02    3.44720e-06    4.15203e+02  
 9.14563e-06    4.78631e-06    8.54386e-01    7.04427e-02    4.32849e-06    3.39039e+01  
-1.04884e-05   -3.02935e-06   -2.35535e-04   -3.26336e-04   -6.63081e-08    5.65681e+03  
-1.16350e-05   -8.33635e-06    5.48024e-03   -1.86393e-03   -9.68628e-08    1.88276e+02  
-1.15763e-05   -8.69511e-06    2.54325e-03   -7.11721e-03   -9.53011e-08    1.07044e+03  
-3.65300e-07    6.07760e-06   -4.67764e-03    1.01222e-02    2.64307e-06    4.90427e+02  
-2.52410e-06    5.57751e-07   -7.80598e-03   -3.43892e-03   -6.48509e-07    3.50773e+02  
-2.32105e-05    1.55020e-05   -1.47768e-02    6.53669e-04    7.17307e-07    3.92615e+02  
 1.01596e-05    2.52311e-05    9.94204e-06    2.95293e-03   -1.36696e-06    3.92030e+02  
-1.00413e-05   -4.59179e-06    1.86783e-02    2.81787e-02    5.21909e-06    8.46907e+01  
-2.06671e-05    2.67641e-06   -1.29451e-03    2.19991e-03   -3.64012e-06    5.55073e+03  
-1.43847e-05    9.29337e-06    8.82340e-03    3.93768e-03   -1.33081e-06    6.65070e+01  
 4.96313e-05    7.64606e-07    2.52431e-01    6.20443e-02    5.53771e-06    2.53398e+01  
 8.72391e-06    4.93578e-06   -1.55575e-02   -3.26360e-03    4.07040e-06    1.41784e+02  
-1.90669e-05   -1.69690e-05   -6.44736e-01    5.04971e-01    4.48780e-05    1.89011e+00  
 9.05137e-07    1.33138e-05   -3.86774e-04   -3.45088e-04    1.32016e-06    1.31965e+03  
-4.88611e-06   -1.70173e-05    5.34221e-02   -2.92348e-02   -2.85726e-06    3.09973e+01  
 1.19862e-07    7.30515e-06   -2.61709e-03    2.31124e-03    1.44046e-06    1.88010e+02  
 1.58357e-05   -3.64744e-06    5.38959e-03    3.56094e-03   -1.55108e-06    1.66272e+03  
-4.11795e-06   -5.34059e-06    8.58295e-03    3.58686e-03   -2.08026e-06    2.62076e+02  
-3.44763e-06    7.87230e-07   -8.18391e-02    1.15757e-01    2.52850e-06    8.34264e+01  
 7.00605e-05   -1.35308e-04    2.40214e-01   -6.94614e-01    4.95622e-05    1.32221e+01  
 3.46647e-06   -1.49630e-05    1.66768e-02   -2.34980e-03   -2.78293e-06    3.37400e+02  
 1.50809e-06   -2.96203e-06   -3.80549e-01   -1.75495e-01   -2.67942e-06    1.96273e+01  
-7.37237e-06    3.14456e-06    2.73687e-02   -6.67002e-02   -1.11975e-06    8.88372e+00  
 7.55458e-06    1.56018e-05    2.99663e-03   -1.68666e-03    1.27631e-06    1.48558e+03  
 5.70039e-06   -4.77269e-06    6.86182e-04   -1.31506e-03    3.14745e-07    1.30759e+03  
 1.02405e-05    2.86582e-06   -5.61480e-05   -1.81744e-03   -7.31720e-07    7.61423e+02  
 9.84420e-06    9.39845e-06    1.95212e-02    8.75852e-02    2.25642e-06    1.54972e+01  
-2.79429e-07   -1.63663e-05    2.63784e-03    1.17875e-01    2.16420e-06    8.79947e+00  
 1.15936e-07   -3.92538e-06    1.02585e-03    2.69505e-05    1.17350e-06    6.38528e+03  
 1.19546e-05   -1.26342e-05   -8.99004e-03   -4.01281e-03    2.06153e-06    1.43100e+02  
-1.05473e-05   -1.14484e-05   -3.85436e-04   -4.06332e-04   -1.60022e-06    4.44869e+03  
-1.81885e-05   -3.43084e-06    5.34325e-03    2.59774e-03    1.83888e-06    1.03028e+03  
 3.43878e-06   -8.45807e-06   -7.93626e-03   -1.00440e-02    1.52141e-06    3.52332e+02  
-4.09013e-06    1.61065e-05   -1.22058e-02    4.34636e-02    1.98068e-08    1.61137e+02  
-6.75356e-06   -1.59024e-05    7.02458e-03   -5.13924e-02    9.38656e-07    3.39961e+01  
 5.56166e-06    4.90991e-06   -1.08702e-03    6.06571e-03   -1.17945e-06    4.00380e+02  
-8.11546e-06   -1.74282e-05    5.07559e-03   -5.23066e-04   -1.69501e-06    1.03356e+03  
-1.32761e-06   -3.66950e-06   -2.19857e-03    4.10271e-03    8.50079e-07    5.28035e+02  
-1.00902e-05   -2.44259e-05   -1.69820e-03    2.46751e-03   -7.01721e-07    1.72182e+03  
 1.36737e-05   -4.81167e-06    1.12479e-01   -1.66955e-01   -2.15511e-07    3.33464e+01  
-5.08373e-06    1.80776e-05   -1.29371e-02   -8.85738e-03    1.93732e-06    7.86286e+01  
-5.30225e-06    8.09176e-06    8.64740e-02    8.41278e-02    2.86415e-06    6.98230e+00  
 6.39717e-06   -2.32339e-05   -2.12043e-03    1.16045e-03    1.48616e-06    1.78894e+03  
 1.76815e-05   -1.98015e-05   -6.10109e-03    3.12186e-04    1.27679e-06    5.41723e+02  
 1.72240e-05   -1.60617e-05   -1.31282e-03    1.33921e-03    3.78346e-06    4.89539e+03  
 1.04929e-05   -7.37502e-06    2.57990e-02   -2.48952e-03   -9.53612e-08    1.44654e+02  
-1.46159e-05   -4.61021e-07    8.05087e-02   -1.12262e-01    8.81696e-07    6.06703e+01  
 2.21444e-06   -9.76332e-06    6.40890e-03   -1.10171e-02    4.11549e-07    3.51982e+02  
 1.81704e-05    8.33244e-06   -8.93404e-03   -4.01685e-02    1.17102e-06    1.86565e+02  
 1.56169e-05    5.18349e-06    1.09005e-03    1.99486e-02   -1.83932e-06    1.59543e+02  
-5.71758e-06    4.17316e-06   -3.63314e-03    5.98333e-03    1.93761e-06    1.19975e+03  
-5.18582e-06    3.24421e-07   -1.19127e-03    6.70098e-04   -2.55802e-06    7.66820e+02  
 8.55669e-06    5.62319e-06   -4.24344e-02    2.92164e-02   -4.67904e-07    1.97239e+01  
-5.20157e-06    9.25713e-07   -2.69965e-03    9.66021e-04    9.04186e-07    8.77985e+02  
 6.69552e-06   -6.69934e-06    3.55133e-03    7.32646e-03   -6.04594e-08    6.76581e+02  
 9.37694e-06   -1.20414e-05    1.72093e-03    1.04116e-03    2.94390e-06    9.39213e+02  
-9.32604e-06    7.01862e-06   -9.08545e-02   -9.64742e-02   -1.02903e-06    9.72101e+00  
 4.84753e-06    6.55590e-06    7.27959e-03    1.61701e-02   -2.09005e-06    1.03656e+02  
-4.71087e-05    6.96833e-06   -2.55189e-01    1.36703e-01    9.33582e-06    1.22380e+01  
-1.44888e-06   -1.31292e-05   -2.33184e-02    2.96260e-03   -1.21685e-06    2.26184e+02  
 3.29873e-06    9.75724e-06   -7.52317e-01    5.05954e-01    1.40181e-05    4.17161e+00  
-1.10739e-05   -6.44314e-06    3.92677e-02    1.14718e-02   -1.64882e-06    1.25777e+02  
 1.67968e-05   -2.92093e-06   -9.86647e-04    2.71193e-04    1.50814e-06    6.60966e+02  
 8.39727e-06    4.38986e-06   -6.74531e-03   -8.41475e-03   -1.35779e-06    6.90174e+02  
 2.64625e-07   -4.92516e-06    2.51730e-01    2.94163e-01    2.37021e-06    6.35045e+00  
-8.35686e-06    5.32294e-06   -4.30962e-03    5.88738e-03    5.24629e-06    1.90085e+02  
-4.37857e-06   -1.13375e-05   -7.91678e-02    1.32090e-02    8.88181e-07    1.67439e+01  
 1.07421e-05   -1.33654e-05   -5.14513e-04    4.65919e-03    2.28089e-06    4.86848e+02  
-7.80249e-06    1.87037e-05   -1.10049e-03    2.23713e-03   -3.54058e-06    1.85555e+03  
-2.13978e-07    2.01466e-06    1.23374e-03    7.12303e-03   -3.63555e-08    6.34453e+01  
 7.23772e-06   -6.75291e-06    2.10738e-02   -2.96048e-02   -2.81781e-06    2.55598e+01  
 8.69315e-06   -7.78815e-06   -5.10527e-03    1.02894e-02    1.28884e-06    2.61670e+02  
 1.12275e-05   -6.93430e-06   -5.36435e-04   -2.67746e-04    2.24206e-06    5.13082e+03  
 2.15820e-05   -3.86997e-06   -3.61485e-03   -7.55632e-03    2.05966e-06    1.21717e+03  
 1.40272e-05   -9.37255e-06    1.29824e-02    8.90442e-03    1.55863e-06    2.83850e+02  
 1.37613e-05   -9.46258e-06    3.00868e-02   -5.42508e-02    1.56256e-06    3.39744e+01  
