-1.32944e-05   -1.18296e-05   0.00162158   -0.000777351   -4.68522e-07   5504.23
6.44598e-06   -3.64952e-06   -0.00128774   0.00209796   1.15555e-06   1902.17
-1.8746e-05   8.51138e-05   -0.0879433   0.448274   3.36282e-05   11.5836
-4.92792e-06   8.81902e-06   -0.0327605   0.0212975   7.98441e-07   112.343
1.25386e-05   6.15488e-06   -0.000530243   -0.0012382   1.91424e-06   4206.86
2.6487e-06   4.87507e-06   0.000465735   -0.00058354   1.74677e-06   317.028
1.59435e-06   -2.65665e-06   0.0041649   0.00172681   1.42509e-06   1680.89
1.23222e-05   1.51375e-05   0.00179725   -0.0238832   1.71141e-06   175.96
1.55578e-05   8.65183e-06   0.0239192   0.000233397   -2.20479e-06   59.8048
-9.60923e-06   2.25933e-06   0.00287905   -0.00776661   7.4518e-08   550.963
1.29585e-05   -0.000106521   -0.033263   -0.757427   3.44845e-05   11.6978
5.12506e-06   -1.09448e-05   -0.0179007   -0.0493846   5.22043e-07   78.8925
-1.44495e-05   -1.33952e-05   0.00570609   -0.00276444   -3.23647e-06   1489.42
4.78624e-06   4.88332e-06   0.000368232   0.000488277   -1.62312e-06   3475.26
-3.94614e-06   -2.64604e-06   0.00174033   0.0237929   -9.02116e-07   201.027
-2.56578e-06   1.27351e-05   0.000120973   0.0041223   -1.37086e-06   1060.93
-1.23637e-05   -2.97787e-06   -0.00507953   0.00665399   -2.7834e-06   643.193
-1.93713e-05   7.86419e-06   0.0155537   0.205185   2.28244e-06   30.7448
-5.46646e-06   9.6862e-06   0.014943   0.028767   2.11698e-06   170.533
6.85696e-06   5.67921e-06   0.0521669   -0.00461186   -1.80106e-06   93.2423
7.50882e-06   -1.39916e-05   0.00944931   -0.0281583   1.03694e-06   63.6875
-1.88546e-05   7.6675e-06   0.00902187   0.0010621   -2.66951e-07   610.422
3.41916e-06   9.70734e-06   -0.0400396   -0.0516682   7.43012e-07   136.652
1.14241e-05   -1.92694e-06   0.674933   -0.377837   5.74575e-06   7.53535
2.26894e-05   1.04573e-05   0.0219168   0.0119179   -1.48421e-07   35.7674
-5.79531e-06   -1.07094e-05   0.00252288   0.00371532   5.59235e-06   1178.18
1.36756e-05   -7.64332e-06   0.000829455   0.00951926   1.62717e-06   754.328
-8.06853e-06   5.40591e-07   -0.372552   0.140611   1.87062e-06   11.3024
-8.24814e-06   2.17621e-05   0.0150475   0.110487   3.75867e-06   72.8704
3.85751e-06   -1.74071e-05   0.0447989   -0.0370453   1.50543e-06   62.5925
3.81207e-07   -1.22319e-05   -0.00391718   -6.41633e-05   1.70254e-06   686.668
-1.01919e-05   1.28831e-05   0.098903   0.0367995   -1.34821e-06   42.4166
-9.72604e-06   -7.38355e-07   0.000670359   0.000582278   1.81727e-06   730.499
1.52249e-07   -1.68418e-05   -0.00755272   0.0106516   -1.775e-06   608.592
-3.13514e-06   -3.9367e-06   -0.00626849   -0.00273117   6.07082e-07   251.474
-4.66788e-08   -2.44628e-05   -0.327148   0.310401   5.54995e-05   2.18111
7.35135e-07   1.26506e-05   0.00099393   0.0013585   -1.29116e-06   1020.67
-5.23166e-06   6.13761e-06   0.0186657   0.0479266   2.62246e-06   151.518
4.01059e-07   1.4862e-05   0.0187612   -0.128563   4.30512e-06   27.0316
8.85827e-06   4.90125e-06   0.012174   -0.00478264   -6.17521e-07   230.838
-1.33964e-05   9.01316e-06   -0.296951   -0.0259948   1.22404e-06   22.3793
2.96391e-06   1.44194e-06   0.0365542   0.00113679   2.80431e-06   93.4518
6.04016e-06   -3.02425e-06   0.0143631   -0.00401746   -1.02579e-06   432.399
2.42928e-05   -3.17733e-06   -0.0395555   -0.122892   1.33797e-07   35.7479
-6.68572e-06   9.211e-06   0.00680022   0.00140206   3.24801e-06   624.487
1.04519e-05   -4.23814e-06   -0.104705   0.0529647   -3.77371e-07   96.077
-7.78956e-06   6.52022e-06   -0.0271285   0.0378481   1.82585e-06   92.6354
1.53057e-05   -2.32622e-05   0.0152815   -0.0291943   1.49888e-06   232.677
-1.32833e-06   -7.58484e-06   0.0429437   -0.0883221   1.58092e-06   94.0067
6.61036e-07   1.98094e-05   -0.00875682   -0.00652382   -4.45339e-06   507.897
6.50298e-07   1.92877e-05   -0.0829477   0.136905   2.70934e-07   65.5448
7.45292e-06   -1.46517e-05   0.00544097   0.00614491   1.20998e-06   650.374
2.50141e-06   3.83228e-07   -0.0135309   -0.0232406   6.01488e-06   216.163
-1.33846e-06   7.50309e-06   0.0274308   -0.0187799   -1.08223e-06   191.79
-2.84802e-05   -3.21031e-05   -0.274672   -0.650783   1.67174e-05   6.18131
-2.9785e-06   -3.18804e-06   -0.0110897   -0.0109159   7.90211e-07   414.316
-8.64189e-07   1.55176e-05   0.019321   -0.0309041   2.43578e-06   56.9239
-1.0531e-05   -6.26713e-06   -0.00119814   -1.51581e-05   -9.61745e-07   642.459
-1.89402e-05   3.19882e-06   0.00193068   -0.000729514   -1.08012e-06   810.997
2.50478e-06   -5.05843e-06   0.0217763   0.043178   -1.09489e-06   97.4118
9.1823e-06   5.23406e-06   -0.0147065   0.0382015   -2.99017e-06   86.839
-6.73932e-06   -1.00452e-06   0.00526617   0.00489947   2.90568e-06   141.518
9.80721e-06   -7.83579e-06   0.00153841   0.00255559   -9.41274e-07   1553.23
-1.39333e-05   1.88627e-07   0.00223038   0.00230048   1.71591e-06   1239.05
2.04152e-05   -7.88476e-06   0.143937   0.112588   -1.31627e-07   40.882
6.45229e-06   7.97609e-06   0.202589   0.0782201   1.88657e-06   16.1216
2.31064e-05   2.70524e-06   -0.0133719   -0.0355218   6.97384e-07   132.029
-1.54554e-05   9.40845e-06   -0.0196621   -0.0873507   2.30664e-06   31.8306
-3.31904e-06   3.65167e-06   0.00839992   -0.00911279   2.65198e-06   114.383
-1.43275e-05   2.76027e-05   -0.121463   0.166139   1.28883e-06   24.2855
5.96106e-06   -7.62431e-06   0.00223154   0.000674287   -1.8421e-06   615.286
-1.16897e-05   -1.12296e-06   -0.00017715   0.00176529   -1.6844e-06   5459.48
-5.42624e-06   1.46306e-06   0.00146626   -0.0013073   9.34939e-07   1458.34
-2.80272e-06   1.4083e-05   0.00668796   0.013032   4.63893e-07   128.688
4.68666e-06   8.84009e-06   -0.00585275   0.0142212   1.37019e-06   432.968
-3.67729e-06   -3.03606e-06   0.0134737   -0.0237817   1.71527e-06   209.329
-7.54917e-06   -2.32395e-06   -0.0300569   -0.00641521   1.14733e-06   24.7713
4.46061e-05   1.50065e-05   -0.163324   0.374769   1.54405e-05   6.47341
-1.44148e-05   1.20617e-05   -0.00329472   -0.00120461   1.5168e-06   691.617
-1.90894e-05   -2.45297e-05   -0.0611495   -0.0330381   1.78002e-06   52.8496
-6.79318e-06   5.92088e-06   -0.0488178   -0.00893589   -1.15311e-06   175.599
-4.14645e-06   5.61926e-06   -0.000271309   -0.0018226   -8.3803e-07   5664.97
1.434e-05   6.94949e-06   0.00333436   0.0108147   1.99546e-06   192.365
-2.70603e-06   5.22834e-06   0.0419836   -0.299011   3.28955e-06   11.1062
3.61816e-06   2.16063e-05   6.65025e-06   -0.0127079   2.74294e-06   552.649
-1.01958e-05   7.51887e-06   0.00236777   -0.00206446   -7.77658e-07   1400.32
7.39809e-06   -1.00078e-05   0.000766304   -0.0152673   2.33926e-06   261.807
2.4694e-06   -3.9082e-06   0.00459966   -0.0168643   8.84418e-07   82.557
-3.34088e-06   2.50861e-06   -0.0711038   0.0678904   -4.35719e-06   33.7729
-5.19183e-06   8.94856e-07   -0.0060644   -0.0024915   -3.94736e-07   610.721
7.16957e-06   1.43601e-05   0.000798728   -0.00374627   1.04302e-06   693.635
4.23269e-06   1.61875e-05   -0.212711   0.152528   1.49764e-06   7.32313
7.34901e-06   -1.36338e-05   0.00434422   -0.034348   1.94284e-06   99.8601
2.47483e-07   1.26191e-06   0.00213191   -0.00492996   -1.00712e-08   1031.07
-2.11427e-05   2.0944e-06   -0.194286   0.567223   1.78561e-05   3.25986
1.4849e-05   6.4783e-06   -0.000672029   0.00217014   -2.49258e-06   885.608
2.01958e-05   -2.64693e-05   -0.158258   -0.925656   1.0694e-05   7.64511
-1.13277e-05   1.22122e-05   -0.00430418   0.00046724   -2.53964e-06   270.724
-1.96515e-05   -2.6256e-06   0.00450046   -0.0313369   3.45549e-07   80.183
2.19791e-05   -1.23665e-05   0.0021867   0.00797084   -1.17119e-06   615.311
-2.08863e-05   7.77391e-06   0.074336   -0.384608   6.26848e-06   6.25117
-4.57881e-05   -3.38795e-05   -0.34921   0.000863252   7.58143e-06   17.4042
1.17489e-05   3.09317e-06   0.2398   -0.175751   2.92205e-06   27.9787
-2.20822e-05   1.64171e-05   -0.0672725   0.0744948   4.02949e-06   33.9594
-9.29742e-06   2.08484e-06   0.000289335   -0.00160026   -3.81869e-06   4113.14
-8.31239e-06   8.36846e-05   0.0281891   0.406236   1.31175e-05   20.7071
-1.14141e-05   -7.86133e-06   -0.00204242   0.00140263   -1.89168e-06   1189.44
-3.92146e-06   -2.40086e-06   0.022132   -0.0162329   -3.23165e-06   152.355
-2.06943e-05   2.57415e-05   -0.0560206   0.207322   9.07126e-06   27.1302
-1.55224e-05   0.000114312   0.224502   0.357292   5.14362e-05   4.13761
-8.92577e-06   2.3817e-05   0.00984427   -0.0106344   -9.92515e-08   57.8359
-1.68229e-06   -8.8948e-07   -0.076715   0.232404   -2.44606e-06   12.2468
3.98279e-05   2.97077e-05   0.11092   -0.39017   1.56726e-05   11.8133
-6.88795e-06   -4.57355e-06   -0.00186824   -0.00070988   2.6685e-06   742.964
-3.61047e-06   -8.48849e-07   0.00240757   0.134526   1.50886e-06   19.2479
-1.0618e-05   -1.01666e-05   0.0269038   -0.0191772   5.29277e-07   26.7872
1.05866e-05   8.15239e-06   0.00748782   -0.0227648   1.15049e-06   289.467
-9.93684e-06   4.42677e-06   0.0414355   -0.239889   4.21588e-06   9.80384
1.62698e-05   4.44731e-06   0.0484473   0.032737   3.05444e-06   171.122
-4.31189e-06   -3.38038e-06   -0.001826   -0.00514865   2.5519e-07   748.526
-7.44923e-06   -1.04819e-05   -0.0248429   -0.142672   7.23781e-07   28.6318
-4.86351e-06   -2.03417e-06   0.000515512   -0.000846357   -4.27458e-08   2877.21
-9.39423e-06   -2.39494e-06   0.00177799   5.35786e-05   -2.44946e-06   1767.17
-2.86478e-06   1.9683e-05   0.0188865   -0.00857913   -7.96456e-07   73.8703
-1.49603e-05   -8.68161e-06   0.00511359   -0.00291713   -1.17555e-06   614.654
4.84229e-06   -9.37525e-06   -0.0107292   0.0029391   -8.94767e-07   287.081
-1.69865e-06   1.12609e-06   -0.044366   -0.0835778   6.70137e-07   39.5203
-1.41985e-05   6.26652e-06   -0.0300927   0.0110373   -2.35881e-06   102.466
-4.6079e-07   -1.33522e-05   -0.00431792   -0.00170055   7.02408e-08   285.352
3.84513e-06   1.96787e-05   -0.0975077   -0.0128364   -5.9706e-07   75.956
1.78773e-05   7.74573e-06   0.0554157   -0.00150152   -7.7698e-07   76.944
-1.07889e-05   -4.38952e-06   0.000359051   4.5697e-07   -8.64143e-07   2665.18
-8.76636e-06   6.71643e-06   0.0411913   0.00188684   1.97355e-07   91.8541
-1.95357e-05   -8.80183e-06   0.000322437   -0.00054999   -1.69827e-06   7672.29
1.77511e-05   4.46317e-06   0.218726   0.0532639   -1.31536e-07   19.5733
2.42226e-06   5.38346e-06   0.171363   0.318173   4.90797e-06   13.6284
-1.16805e-05   1.6843e-06   -0.00480237   0.0163648   6.56837e-07   92.4622
5.55445e-06   2.18704e-05   -0.00451276   0.00379866   4.28923e-06   1104.41
-7.93022e-06   -3.31431e-06   -0.061772   -0.0448241   2.8903e-06   28.2032
5.50959e-06   -3.96945e-05   0.0705281   -0.461443   9.71053e-06   12.6608
-1.71617e-05   -2.03806e-06   0.0796129   -0.149492   2.30092e-06   11.9541
7.92372e-06   9.99916e-06   0.00286489   -0.00056535   1.445e-06   4078.05
7.88825e-06   -4.04434e-07   0.0209535   -0.0273382   1.6715e-06   101.881
5.01055e-06   -1.85361e-05   0.000985142   -0.0142759   1.88043e-06   647.839
7.36449e-06   -9.6083e-06   -0.0171826   -0.0428994   9.5331e-07   105.491
4.54396e-06   -1.5093e-07   -0.0015482   -0.0124625   -1.84401e-06   44.4668
2.48302e-05   -2.4731e-05   0.137864   0.0299924   6.14541e-06   13.8888
7.74816e-06   -4.48088e-06   0.0048445   -0.00352861   2.86001e-06   1038.17
-6.81094e-06   -2.35042e-07   -0.0595584   0.0049519   -2.66636e-07   105.906
8.33223e-06   -4.09626e-06   -0.0160868   0.0131094   -7.24066e-07   267.978
-1.61317e-06   1.33926e-05   -0.000110157   3.61693e-06   -1.11145e-06   4197.41
-8.00564e-06   -3.51496e-06   -0.196196   -0.0817198   1.03191e-06   37.8864
5.26282e-06   2.5968e-06   -0.0444004   -0.00505479   1.63248e-06   119.718
2.06389e-06   1.59689e-05   0.238089   0.345493   2.80988e-06   6.66848
-5.12846e-07   -1.34876e-06   0.0217157   0.00552351   3.09547e-06   51.4262
-3.13757e-06   1.86697e-06   0.00135727   0.000214766   7.03281e-07   1021.71
1.44106e-05   -1.03867e-05   0.000743753   0.000568414   2.89054e-06   8029.69
4.63798e-06   2.31908e-06   -0.0274148   0.0105912   1.09995e-06   77.8117
4.65314e-06   1.18384e-05   -0.00066433   -0.000323406   2.61794e-06   3278.53
-1.45839e-05   -8.37865e-06   -0.0186995   -0.010744   2.96178e-06   152.301
-2.1962e-05   -1.13694e-06   0.00445511   -0.00244639   -1.64501e-06   1464.52
2.1907e-06   -9.95378e-06   0.0124836   0.00986   1.91991e-07   119.198
-4.13799e-07   -3.03115e-05   0.0112262   -0.260013   2.67199e-06   21.9128
-1.59385e-05   1.15672e-05   -0.0607857   -0.0294023   3.35653e-06   109.162
-7.9607e-07   -6.75819e-06   0.0346086   0.0369153   9.73308e-07   37.048
-5.04486e-06   2.46059e-05   -0.0263659   0.00936784   1.16353e-06   255.254
-2.59391e-06   -7.74112e-06   -0.0190814   -0.023632   2.36418e-06   285.164
-1.45526e-05   3.46369e-06   0.00843326   -0.0153007   2.79956e-06   163.087
5.75748e-06   -9.49248e-07   -0.00966745   -0.0105164   -8.86164e-07   221.069
-1.34448e-05   -1.10413e-05   0.00139257   0.0108501   1.44584e-07   123.826
1.04939e-05   5.93854e-06   -0.00427216   -0.0035879   -3.14428e-06   844.829
2.97952e-06   5.83238e-08   -0.000905495   0.000152561   1.43374e-06   3107.71
5.88426e-06   -1.99132e-05   -3.25909e-05   0.000519205   -5.08333e-07   4628.94
3.15884e-05   -1.34723e-05   0.234148   -0.344228   4.95264e-06   12.3303
1.06049e-05   -1.34668e-05   -0.00210008   -0.00351638   -1.88705e-06   411.454
-1.96714e-06   -3.79847e-06   0.0132593   -0.04156   9.57105e-07   202.554
-1.81525e-06   -3.97507e-06   -0.00189818   -0.00262427   6.0691e-07   2641.97
6.3858e-06   2.98379e-07   -0.00618458   0.0121811   -6.64672e-07   354.601
-5.24382e-06   -1.59468e-05   0.000553624   0.000494186   -3.53686e-07   4298.92
-7.39376e-06   1.35834e-05   0.00117665   0.000428768   2.59239e-07   1535.17
-2.23246e-05   5.45215e-06   -0.425464   0.113647   1.30691e-06   7.18623
1.47081e-05   -4.11693e-06   -0.00786986   0.00438108   5.74217e-08   362.015
6.23935e-07   -3.97117e-06   -0.0063029   0.000286269   -1.49986e-06   2700.8
6.35554e-06   -1.86766e-05   0.000347021   -0.00216143   -2.25885e-07   1370.26
-1.50476e-05   6.45962e-06   -0.000251641   0.000965645   5.41436e-06   2639.21
-1.2376e-05   1.04147e-05   0.00666759   -0.00836401   5.31053e-07   657.154
-6.57603e-06   -3.9236e-06   0.051623   -0.0640041   1.13742e-06   52.718
1.07832e-05   1.87499e-06   0.0110988   -0.152936   6.92324e-07   31.9052
-6.58782e-06   1.33755e-06   -0.00223497   -0.000503117   3.26758e-06   1758.9
-2.44407e-06   -3.28575e-06   0.0222258   -0.0295037   1.43361e-06   144.216
6.64928e-06   1.01757e-05   -0.0233138   0.00183764   8.70013e-07   160.709
4.27018e-06   -3.72121e-06   -0.0383006   -0.00481989   -1.79019e-07   83.0716
-1.90914e-05   5.94751e-06   -0.0328043   -0.0102168   1.28548e-06   78.5308
1.40661e-05   5.09182e-06   0.0410612   -0.0208991   -9.77486e-07   99.6118
6.61947e-06   -1.01432e-05   0.314936   -0.170149   4.02681e-06   2.23356
-0.000130766   3.10286e-05   -0.562067   -0.0981519   4.4951e-05   8.22597
1.02811e-05   1.13837e-05   0.00516055   0.0104494   -4.54251e-07   550.599
2.53155e-06   3.55148e-05   -0.0157053   0.157892   5.63183e-06   13.5779
7.50214e-06   8.59697e-06   -0.0110942   -0.0402079   -9.79384e-07   64.8501
1.13158e-05   -1.95625e-05   -0.146452   -0.0430759   4.66073e-06   28.4035
1.12097e-05   1.32026e-05   0.000642735   -0.00134841   -2.24297e-06   982.252
-1.4172e-05   -1.26497e-05   0.0304743   0.0518126   9.89119e-07   84.5634
3.48707e-07   4.32636e-06   0.000353918   0.0969888   2.69731e-06   28.7914
-1.21044e-05   -1.03723e-05   -0.00841162   -0.00712269   1.98268e-06   851.482
-7.56456e-07   2.57875e-06   0.0143081   -0.00545039   1.5256e-07   70.0242
-5.01914e-06   -2.07852e-05   -0.0435906   -0.0445434   -3.58907e-06   97.716
-2.252e-06   -7.51051e-06   -0.0222073   0.00860838   -1.14019e-06   33.7784
-9.29633e-06   1.72732e-05   0.00249888   -0.00145081   -3.27552e-06   126.778
-7.73579e-06   4.52142e-06   -0.00191365   -0.000738585   -1.27136e-06   1594.01
-1.91441e-06   1.76603e-06   0.0264489   0.00878683   -1.92392e-06   146.715
2.37571e-05   9.83663e-06   -0.0858071   -0.0158238   8.8407e-07   36.2956
-1.24553e-05   -6.38543e-06   9.54376e-05   -0.00268115   1.3737e-06   334.052
1.16001e-05   1.68188e-06   0.0896439   0.0261283   -1.44511e-06   80.562
-8.93124e-06   8.40899e-06   0.0637892   -0.00388716   -7.44204e-07   218.43
7.40336e-07   -4.55339e-06   0.00598006   0.00611579   1.54758e-06   470.062
-9.60518e-06   7.15684e-06   0.000680499   -0.00170688   -1.79474e-06   1139.62
1.99972e-08   1.52757e-06   -0.0004949   -0.00165977   1.69887e-06   5167.72
7.35517e-06   -2.90773e-05   6.30296e-05   -0.00301088   1.01171e-06   2291.49
3.46626e-07   9.33746e-06   0.00431392   0.0053113   1.39719e-06   485.622
-2.80257e-06   2.12544e-06   0.155759   0.0104755   -2.67321e-06   20.1622
-1.34196e-05   3.36597e-06   0.000270775   -0.000800034   -6.07054e-07   758.224
-4.76431e-06   3.7182e-06   -0.0754279   -0.235165   -7.09656e-07   19.0547
2.12434e-06   -1.24941e-05   -0.00381629   -0.00042821   -3.2685e-07   565.786
1.07593e-05   8.62418e-07   -0.00407067   0.0483004   -3.30603e-07   266.239
5.30134e-06   1.27499e-05   0.0119415   0.00368108   -5.45023e-07   81.1862
3.50473e-06   1.06256e-05   0.00902028   -0.00902549   -2.96111e-06   481.158
8.02937e-07   3.57378e-08   -0.0134955   -0.0194881   -4.48874e-07   247.236
-5.52881e-06   -5.38403e-06   0.0108008   -0.0125119   5.58005e-07   488.291
-1.18431e-05   -1.21787e-05   -0.0190591   0.0700004   2.85035e-06   75.8867
1.07845e-05   1.51677e-07   -0.0496545   -0.00964407   2.44821e-06   106.678
4.30013e-06   6.68425e-06   -0.0107898   0.00139606   -6.84415e-07   180.028
9.67333e-07   -4.71579e-06   0.00567515   -0.0269199   4.33104e-06   211.011
6.14838e-06   -1.05646e-05   -0.000769118   -0.0021636   1.30253e-06   2071.69
-2.74094e-06   -6.03221e-06   -0.00112967   0.00126179   -1.27678e-06   3211.07
-1.25601e-05   -7.85044e-06   -0.12086   -0.313464   4.17077e-06   16.2264
-2.47711e-06   1.72926e-06   -0.00157944   0.000472603   3.434e-06   3276.01
-1.6392e-05   -7.50849e-06   -0.152188   0.0293645   -8.3259e-07   31.9539
-1.76164e-05   -2.5091e-05   -0.479991   -0.688128   2.09268e-05   5.4475
-1.50088e-06   1.86242e-05   0.00136561   -0.00350187   1.33173e-06   473.946
7.30286e-06   1.05925e-05   -0.00783355   -0.00791912   -2.30309e-06   458.099
-0.000110384   0.000124189   -0.680633   0.437862   7.58763e-05   12.8948
7.05158e-06   -5.79875e-06   -0.101179   -0.0039731   -3.30443e-07   29.4149
-5.64244e-06   -1.23592e-06   0.0293162   -0.026436   1.14424e-06   122.076
5.5737e-06   -6.20017e-06   0.00640615   -0.00492175   9.39909e-07   1732.31
-6.80887e-06   -1.01562e-05   -0.00604425   -0.0132436   -3.93311e-06   284.161
-3.99781e-06   1.07578e-05   -0.0254024   0.0242296   -7.20132e-07   106.463
-5.89016e-06   7.41699e-06   -0.0444821   0.00392588   -8.94335e-07   214.557
-3.87645e-06   -6.50034e-06   -0.000395438   -0.000788861   3.12888e-06   3619.88
-2.06552e-05   7.01484e-06   -0.00289699   -0.000238937   1.33907e-06   1313.18
9.3991e-06   1.95255e-05   -0.00806824   -0.00532288   -7.96806e-07   2072.31
-6.99854e-06   -5.77534e-06   -0.0800652   0.0446254   -5.51142e-07   12.7568
-6.26822e-06   7.0215e-06   0.109365   0.009352   2.57422e-06   99.5939
1.14998e-05   -7.751e-06   0.0566694   -0.038731   1.748e-06   138.885
-1.97279e-05   -4.96602e-06   -0.000136133   -0.000137331   -4.74312e-07   6331.48
1.02126e-05   -1.09971e-05   0.0598173   -0.132007   -1.18003e-06   15.3577
4.54291e-07   -9.16034e-06   -0.00341421   0.0113348   2.31271e-07   554.199
-1.36142e-05   -5.4108e-06   -0.00247025   -0.0020178   -3.95571e-06   983.368
2.53521e-05   1.56982e-05   -0.00949205   -0.0296299   1.86756e-07   63.1456
9.92791e-06   -1.6636e-05   -0.0787124   0.000421688   -4.10923e-06   60.9342
8.84984e-06   2.28101e-05   -0.00126918   0.00299126   2.16126e-06   2031.8
3.37741e-06   1.22876e-05   -0.0824527   0.000841383   -1.69923e-06   12.864
-9.85899e-05   5.8635e-05   -0.670362   0.258712   4.4065e-05   11.2424
1.1297e-05   -2.12107e-05   0.0564758   0.00856481   3.9278e-06   210.786
6.91006e-06   -3.12707e-06   -0.00813802   0.00469956   -1.16002e-06   353.639
-9.36604e-06   4.19647e-05   0.000929507   -0.0018994   -4.57767e-06   2018.68
7.69739e-06   -8.71362e-06   -6.25268e-05   6.58067e-05   -2.35459e-06   859.165
0.000148047   -2.6597e-05   -0.233359   -0.773623   0.000398665   4.62501
2.30814e-05   1.46062e-05   -0.00423421   -0.00518562   -2.45883e-08   1589.49
-1.4098e-05   -6.85877e-08   0.0512001   0.0132735   1.18321e-06   169.115
-4.04967e-06   1.98404e-05   -0.00174517   -0.00144326   5.66014e-08   1570.5
1.66941e-05   -7.04612e-05   0.0835574   -0.444321   1.89333e-05   20.7636
-2.36289e-05   7.35851e-06   -0.00387728   0.00657288   8.33913e-07   443.478
3.0037e-06   3.14303e-07   -0.00439509   0.0126178   6.76619e-07   157.898
7.80479e-06   -2.39335e-09   0.0021756   -0.00140528   8.6153e-07   1314.32
1.52912e-06   4.98485e-06   -0.000396914   0.00119269   2.17873e-06   398.782
9.3361e-05   -0.000111997   0.279703   -0.694671   5.26682e-05   16.0659
-5.22749e-06   1.46169e-05   -0.0857378   -0.0424112   3.89984e-06   37.1484
-1.53921e-05   -1.84234e-06   0.000678277   0.0331245   7.67773e-07   67.6194
2.21401e-06   -7.00833e-06   0.0228678   -0.0258817   -1.58671e-07   103.359
1.53129e-05   -7.60165e-06   0.144285   -0.119851   3.34876e-06   27.741
-9.81992e-06   1.51258e-06   -0.00167207   0.000640301   2.30179e-06   3066.87
-1.7354e-05   -4.57985e-06   -0.000948257   0.000129066   5.75662e-06   2925.27
-7.58236e-06   -3.23204e-06   -0.0022069   -0.00685973   1.10993e-06   488.604
9.47559e-06   -4.96066e-08   0.188852   -0.207102   1.82272e-06   34.6216
1.30279e-05   1.30688e-06   -0.000839294   -0.00066893   -1.5613e-06   7959.01
4.81434e-06   -1.76104e-06   -0.00122883   -7.2629e-05   -1.30709e-06   2288.13
6.76981e-06   8.01215e-06   -0.0218055   -0.00430645   2.10632e-06   57.167
3.25967e-06   1.85105e-05   0.0610168   -0.00125564   1.08844e-06   27.1223
1.33738e-05   -2.11721e-05   -0.00726369   -0.0322693   -5.50558e-07   139.768
-7.40684e-06   -1.39782e-05   -0.0108635   0.0146876   3.56567e-07   117.574
-9.36821e-06   -1.59367e-05   -0.0173165   0.0107391   4.24345e-07   78.4751
8.42739e-06   -3.95448e-06   0.00146074   -0.000299783   -1.40673e-06   1284.45
1.78442e-05   -3.02018e-05   0.120231   -0.157125   2.80088e-06   30.1839
-2.78783e-06   -5.23953e-06   0.0596777   -0.0407628   2.60125e-06   36.7253
0.00015248   4.77496e-05   0.340911   -0.437936   7.34197e-05   5.59659
-1.34126e-05   8.61156e-06   -0.248988   -0.116562   5.68187e-06   19.2173
-1.9218e-05   6.48801e-06   -0.00174701   -0.00153304   -1.93074e-06   1244.24
2.95549e-05   1.22384e-05   -0.0932373   0.143668   3.62744e-06   60.5563
-7.71548e-06   -1.38118e-05   -0.00351278   -0.00198822   5.45363e-06   713.29
4.49607e-06   4.59161e-06   0.00591579   0.00165622   1.64108e-06   454.383
-2.80707e-06   -2.33016e-06   0.0288679   0.0464575   3.12212e-06   266.287
-4.64156e-06   -1.76024e-07   -0.0639298   -0.0161808   3.60282e-07   53.7324
1.0962e-05   -2.36308e-06   -0.00119349   0.00434738   1.13283e-06   567.771
6.74088e-06   -1.85644e-05   -0.115281   -0.255402   6.95348e-06   40.8499
-1.42016e-05   -6.33428e-06   -0.0061198   -0.00518562   1.96249e-06   981.099
1.29951e-05   7.30821e-06   0.00786897   0.00421382   -1.2963e-06   320.022
4.87564e-06   2.54253e-06   0.271823   -0.251649   4.65743e-06   4.68294
-6.77945e-05   -4.90824e-05   -0.693434   -0.0531827   2.27204e-05   16.8331
-9.6057e-06   5.7214e-06   0.0539343   -0.0276433   -3.18234e-06   78.2124
-3.16846e-05   1.04108e-05   -0.41154   0.0453737   2.09127e-06   24.9465
2.61088e-05   9.79657e-06   -0.00435704   -0.0072558   -2.53784e-06   851.159
-7.40527e-06   1.42003e-05   0.00318801   0.00132647   -3.97783e-07   969.023
6.76694e-06   4.18346e-07   0.0252199   0.00251409   -8.21112e-07   352.144
1.00865e-05   -5.55893e-06   0.00350865   0.00316429   -2.26995e-06   1220.69
-3.90435e-06   1.58067e-05   0.0103367   0.00547831   2.47533e-06   546.676
2.17183e-05   -1.62623e-06   0.174983   -0.0518986   -9.13784e-07   46.338
-3.42062e-06   -8.3284e-08   0.0041348   -0.00194603   -1.49052e-06   2333.1
-1.08335e-05   1.26139e-05   0.00646908   -0.00950496   2.35399e-06   272.604
-1.02186e-05   5.0694e-06   0.0786672   0.3426   -2.18624e-06   28.156
3.48697e-07   1.1511e-05   -0.00963064   0.00637828   -9.18324e-08   219.428
-4.28927e-06   1.48147e-06   -0.00188913   0.00239863   -1.37815e-06   1187.47
7.65916e-06   -7.46383e-06   0.00088662   0.000140769   2.91078e-07   1347.34
6.59682e-06   3.06022e-06   -0.0185669   -0.0059718   -1.62928e-07   219.029
-1.25831e-06   2.12311e-06   -0.000115242   -0.000509078   8.44413e-07   1445.05
2.14367e-05   3.83997e-06   0.00925407   0.021711   -2.07628e-06   40.6453
1.19029e-05   -5.45524e-06   -0.00114883   -0.00358549   -1.49306e-06   357.649
-4.5779e-06   -1.15359e-05   -0.000488598   0.00029461   -2.67405e-06   8114.14
1.4412e-05   -9.04117e-06   -0.00222489   -0.0007741   3.00032e-06   8700.1
-6.58251e-06   -3.9851e-06   -0.0319355   0.0122397   9.98842e-07   280.132
5.35106e-06   -1.67984e-06   0.00430856   0.00162473   2.01717e-06   821.129
1.99061e-05   4.44929e-06   0.0244381   -0.0288439   -2.04522e-06   61.9938
1.15336e-05   -1.0867e-05   -0.000847843   0.00202318   4.04694e-06   2774.34
-9.79379e-06   9.5094e-06   -0.00233886   -0.00955966   -2.15835e-06   312.647
-2.37089e-05   -1.21786e-06   0.000494303   -0.00447802   4.88268e-07   390.4
2.01807e-05   8.37834e-06   0.539203   0.517841   9.13319e-06   11.4123
-8.93889e-06   -1.00227e-05   -0.00241946   0.00134348   4.1313e-06   141.566
-2.75504e-05   -1.88534e-05   0.0257319   -0.00904436   5.50474e-07   185.641
2.07159e-05   3.14021e-07   -0.00130947   0.00175228   -5.18171e-06   1941.69
-1.36644e-06   -2.2899e-05   0.0115535   0.0156933   -3.86631e-08   309.818
-3.91616e-06   2.07801e-06   0.0138126   -0.0195991   -2.29286e-06   146.326
5.42291e-06   1.00931e-05   -0.0285358   0.124417   5.054e-07   26.0508
2.36805e-05   2.5606e-06   -0.0247172   0.0149351   5.63452e-06   400.017
1.10937e-05   -1.34734e-05   0.00253723   -7.72806e-05   6.18575e-07   1718.94
-2.36645e-05   1.97981e-05   0.0716918   0.156431   1.39266e-06   38.7863
8.53086e-06   4.12787e-06   0.000117123   -0.00106064   3.15228e-06   2023.74
-5.76256e-06   9.82488e-06   0.00091322   -0.00109226   -1.15296e-06   723.617
-1.15079e-05   1.61294e-06   -0.0691765   -0.00735147   -9.32547e-07   29.9635
-4.55784e-06   -8.45284e-06   -0.00360409   0.00258967   1.81747e-06   1645.19
-1.89192e-05   -1.15021e-05   0.0486115   -0.101123   3.13934e-06   90.5381
2.30954e-05   -6.28627e-06   -0.0600738   -0.0453095   -1.97445e-06   88.2369
1.23785e-05   -2.33725e-06   0.00279392   0.000656453   5.68583e-06   2412.96
2.57132e-05   -5.24689e-06   0.0204801   0.00589073   2.35803e-06   318.36
-9.4257e-06   -8.62565e-08   0.0300089   -0.00233126   1.83498e-06   78.1457
-1.47967e-05   8.7637e-06   -0.0323934   -0.00636826   5.46967e-07   168.322
5.08893e-06   1.41766e-06   0.00632843   0.0579898   2.61737e-06   16.746
-9.86144e-06   -1.39429e-06   0.00019767   -0.000981017   9.3763e-07   1295.04
-5.88071e-06   1.8192e-06   -0.0504954   0.00105363   8.42896e-07   73.3946
-3.77083e-06   -1.4265e-06   0.000557962   0.000416781   1.56934e-07   4764.29
6.47378e-06   -1.37707e-05   -0.00109501   0.000811387   7.71339e-07   2911.07
1.16515e-05   6.48743e-06   0.021536   -0.00774576   -5.03507e-07   206.899
-1.79367e-05   -4.55622e-06   0.32965   0.137259   2.74741e-06   4.49752
-4.24907e-06   6.65155e-06   -0.0296553   0.011637   1.97893e-06   44.9607
8.60153e-06   -2.60043e-06   -0.00591766   0.00121707   4.08385e-06   1339.94
-8.0649e-06   5.47429e-06   0.0341542   -0.005323   -9.04056e-07   92.8658
-4.5358e-06   -4.39583e-06   0.00248242   -0.000905331   -3.24126e-07   1777.98
5.53518e-06   1.07454e-05   -0.0660637   -0.025546   1.26314e-06   34.75
1.51569e-05   -8.68341e-06   0.178613   0.0387821   9.42181e-07   23.3159
-2.66159e-06   3.27248e-06   0.0198727   0.00640866   -4.08894e-07   270.08
-8.80942e-07   4.73206e-07   -0.0575471   -0.0476707   2.04312e-06   6.17748
5.0694e-07   -1.29018e-05   -0.00555526   0.00896719   1.90087e-07   470.331
-1.92346e-05   8.44332e-06   -0.0011377   0.000598021   3.21772e-06   7127.24
9.76056e-06   -1.33207e-05   0.0320205   0.0227854   -1.8155e-06   41.9347
-2.69077e-05   -6.18299e-06   -0.176168   -0.204364   1.24189e-07   16.4338
1.41014e-05   3.45458e-06   -0.0168222   -0.00364749   3.09783e-06   40.0361
2.19059e-05   -2.23323e-05   0.0601076   -0.00298711   -2.69336e-06   78.2193
-2.65762e-05   -6.34193e-06   -0.000330273   -0.000306056   -1.1194e-06   4387.8
3.97277e-06   -9.20487e-06   -0.0012239   0.000573683   -3.13519e-06   131.139
7.4056e-06   -1.65169e-05   -0.0244952   -0.0173215   -1.08838e-06   133.951
1.56003e-05   2.24828e-06   0.00432448   -0.00134069   -1.73964e-07   312.299
-3.34395e-06   -4.4268e-06   0.00218253   0.00452421   -8.24784e-07   429.125
1.01339e-05   -1.00525e-05   0.00164544   -0.00400529   2.54275e-06   565.269
-4.80228e-06   2.62253e-05   -0.0569895   0.141933   1.36491e-07   22.1719
-2.60152e-06   -5.0801e-06   0.00286573   7.12369e-05   8.89151e-07   443.164
2.82139e-06   2.61632e-06   0.002749   -0.00277635   -1.95008e-06   1129.77
3.96051e-07   3.93943e-06   -0.0138683   -0.0551116   7.90916e-07   54.917
1.46051e-06   5.66671e-06   0.00544001   0.00983497   -8.72147e-08   71.0914
-8.1402e-06   3.56415e-06   -0.010559   0.0156937   6.12136e-07   181.811
-9.15207e-06   -1.30171e-05   5.79997e-05   -0.0044943   -5.02167e-07   167.097
-2.51813e-06   -4.14795e-06   0.164326   0.115478   1.38542e-06   9.15828
4.64493e-07   -4.85187e-06   0.00339288   -0.00155924   -5.1005e-06   493.825
3.93601e-06   1.14792e-06   -0.0160936   0.00557376   -2.98756e-06   181.132
1.46983e-05   1.10434e-05   0.579009   -0.756932   1.12385e-05   3.2467
1.18922e-05   -3.92507e-05   0.249941   -0.022937   9.30227e-06   8.59848
1.05186e-05   -1.82002e-05   0.360019   0.0360595   5.41475e-06   10.665
7.09372e-06   5.92068e-06   -0.0201536   -0.0188271   2.22776e-06   112.692
2.52885e-06   -6.22227e-06   0.0160202   -0.0165449   2.03179e-07   44.1525
-4.7597e-06   1.27383e-05   0.00176413   0.000697542   2.67478e-07   1031.43
8.26843e-06   3.73832e-06   0.026614   0.0298096   4.65238e-08   55.5763
-9.98991e-06   2.949e-05   0.0147716   -0.0387714   -6.58425e-08   91.4108
-3.16568e-06   1.60133e-05   -0.00297888   -0.00396265   -1.46001e-06   998.633
-1.13023e-05   -8.21578e-06   0.0142975   0.0112762   1.75249e-06   564.264
-3.80607e-06   -3.33304e-06   0.0107449   -0.0187371   9.20453e-07   739.399
-4.73216e-06   -2.64143e-06   -0.000243897   0.0147671   9.26278e-07   141.582
-8.03713e-06   -8.19405e-06   8.8946e-05   0.000314874   2.33344e-06   4538.55
-3.44659e-06   8.98915e-06   -0.00372708   0.0401679   -3.87179e-07   73.7029
-1.88022e-06   -1.40255e-05   -0.0121736   0.0295511   8.82068e-07   67.4364
-3.0572e-05   -1.10815e-05   0.0279744   0.0503303   1.79018e-06   16.1572
8.25097e-06   -4.8808e-07   0.00771473   0.00115944   4.83321e-07   262.355
1.98251e-05   5.66088e-07   0.00811635   -0.00380774   1.1799e-06   941.599
1.62211e-06   9.94161e-06   -0.00906361   0.024514   1.33856e-06   55.9318
-1.24843e-05   -2.33532e-06   -0.00578347   -0.0435307   3.11937e-06   20.3795
1.24585e-05   1.82789e-07   0.030255   -0.0149153   3.39905e-06   100.077
1.93129e-05   0.00017825   -0.166814   0.833525   0.000124231   9.41844
-1.67975e-05   2.33934e-06   -0.284978   0.208906   2.67625e-06   15.8185
1.608e-05   -1.33494e-05   0.00566002   0.0118798   8.33546e-08   118.054
-6.36116e-06   -1.21727e-05   0.00475031   -0.00416106   3.9632e-06   623.056
-2.15673e-05   -8.81891e-06   0.0569102   0.0480193   4.05457e-06   38.8378
1.4496e-05   2.94155e-06   0.0078011   0.00108456   -7.08713e-07   738.989
-7.91772e-06   2.27355e-05   -0.259697   0.334662   3.69971e-06   33.5592
4.17858e-06   -1.45272e-05   0.0132284   0.000308818   8.54993e-07   556.512
-2.83303e-07   7.70691e-07   -1.24023e-05   0.00140565   1.54656e-06   8320.96
1.78119e-07   -2.10726e-06   -0.000217276   -0.00119709   2.0325e-06   5159.28
-9.74775e-06   6.6713e-06   0.0145381   0.0252957   -3.65727e-06   76.455
1.60669e-05   1.77516e-05   0.0212299   -0.0239213   -1.55562e-07   63.057
2.82064e-06   5.40907e-06   0.00910117   -0.149742   2.40131e-06   15.7934
3.3843e-06   2.21325e-07   -0.00123401   0.000659211   -4.75933e-07   2540.76
-2.41815e-05   -1.38026e-05   -0.00423739   -0.00303008   2.75851e-06   762.701
-5.69578e-06   6.08388e-06   -0.00380283   -0.0073011   -3.08025e-07   532.828
-4.40801e-06   -1.32387e-05   -0.0380281   0.0693156   2.30287e-06   98.1771
-1.34337e-05   3.55108e-07   0.00127028   -0.000130394   1.55456e-06   1935.54
-2.77777e-06   5.93192e-07   0.0443347   -0.0121215   -5.29499e-07   64.5049
7.20205e-06   6.94008e-06   0.212406   -0.0172915   -7.14293e-07   37.0325
-5.64229e-06   2.04223e-06   0.00126088   0.00101224   6.14734e-07   1752.43
1.05759e-05   -1.85327e-06   0.000307849   -0.00167371   -2.14758e-06   3622.12
3.65346e-07   -1.7312e-05   8.04759e-05   0.000175338   -2.71243e-06   4778.15
-1.03261e-05   2.12932e-05   -0.0348312   -0.274045   1.20433e-06   7.5481
3.65187e-07   -3.87524e-06   0.00124932   0.00171079   1.64648e-06   6107.08
1.11272e-05   -2.49087e-06   -0.00263456   0.00379781   3.19021e-06   336.763
9.92207e-06   1.60822e-05   -0.00461527   -0.00482742   -2.06052e-06   682.431
6.03775e-06   8.56425e-06   0.015392   -0.0368126   6.85217e-07   219.75
3.45122e-06   1.00196e-05   0.0114679   -0.000779775   -2.95134e-07   388.222
-5.87196e-06   2.14487e-05   0.0258647   0.11196   -1.82327e-06   25.4321
-8.80244e-05   1.75816e-05   -0.376974   -0.0253216   2.35136e-05   6.62524
6.40295e-08   -2.67501e-06   0.0535175   -0.0200577   -3.51303e-07   58.8103
-1.06394e-05   -9.35145e-06   0.018622   -0.0490532   -1.2942e-06   78.5914
-3.25357e-06   4.31207e-06   0.000514809   0.00266881   2.14081e-06   437.961
-3.93271e-06   2.35561e-06   0.00389492   0.000470744   2.39525e-06   768.778
4.39262e-06   3.29126e-06   0.0286681   -0.00707912   6.64006e-07   127.168
-1.26251e-05   2.32582e-06   -4.64653e-05   0.00137256   4.1179e-07   2559.63
-2.12829e-05   -1.38836e-05   -0.000732152   -0.000574866   -1.21904e-06   1629.01
-4.35104e-06   1.94772e-05   0.000528654   -0.00209157   5.5311e-07   1131.76
-3.66107e-05   4.76063e-06   -0.375734   -0.0714952   8.82815e-06   9.35395
3.07298e-06   -1.58311e-05   -0.00033635   0.00108402   -2.42321e-07   1603.41
-8.48964e-06   1.05945e-05   -0.0115556   0.00663318   2.70213e-06   998.35
-2.62081e-06   -1.5423e-05   -0.000861606   -0.000733933   3.30788e-07   3030.87
1.62811e-05   -4.93268e-06   -0.070259   -0.028597   -3.20481e-06   32.0708
2.37482e-06   6.25981e-06   0.0954626   0.0534217   2.96906e-06   30.6785
7.08067e-06   9.29893e-06   0.00167237   0.00055409   -3.08734e-06   271.445
7.73557e-06   1.48782e-05   -0.00084482   -0.00160061   -3.21089e-06   639.33
1.72709e-05   -8.47386e-06   -0.00350235   0.00608637   2.31192e-06   130.214
-2.09631e-05   -1.20114e-05   -0.000694708   0.00152117   4.66673e-07   4285.98
7.06673e-06   -8.51027e-06   0.0339865   -0.0557631   1.70737e-06   84.4595
-1.06331e-05   -1.05201e-05   0.00652305   0.00292084   1.21834e-06   177.494
-5.06291e-06   -8.37216e-06   -0.00261775   -0.001815   1.6452e-06   961.452
3.26432e-05   -9.01658e-05   0.715756   -0.343791   7.01269e-05   5.14635
-7.09024e-06   1.45254e-06   -0.00218278   -0.00372653   -3.55736e-06   819.47
-2.95832e-06   -1.77554e-05   0.000369155   -0.00522764   -3.08981e-06   1698.19
-8.605e-07   -1.39412e-06   0.00747999   -0.00550544   4.00005e-06   803.336
-9.8808e-06   -2.03519e-05   -0.291705   -0.106122   -4.69324e-07   12.0276
1.03633e-05   1.49687e-06   -0.00166082   -0.00466766   -3.5205e-06   1406.75
3.91606e-06   1.22765e-05   -0.0009624   0.00254645   8.13101e-07   175.409
-4.48818e-06   -2.57208e-05   -0.000834513   -0.00247981   -2.3274e-06   1038.35
9.58377e-07   -1.28357e-05   -0.00200897   -0.0397275   1.39428e-06   178.231
1.61348e-06   2.93241e-06   0.00122479   -0.000882402   6.16106e-07   3898.18
-7.0635e-06   2.38742e-05   -0.00159459   0.00132121   -2.99945e-06   1284.87
-2.88686e-06   -4.34069e-06   0.0150997   0.0146925   3.38253e-06   27.8413
-2.7542e-05   7.47696e-06   -0.554831   0.276149   -4.76536e-07   18.7148
1.48569e-06   -5.04635e-06   -0.0152869   -0.00177701   -8.51322e-07   82.1743
7.55088e-07   -9.07674e-06   0.0768792   -0.0527809   -1.63887e-06   22.7598
-8.57644e-06   9.43564e-06   0.0120141   0.0201201   -2.13946e-06   232.193
3.45767e-05   -2.45544e-05   0.468405   -0.280952   9.38517e-06   7.64306
-7.79489e-06   -1.21872e-08   -0.00614641   0.00620632   2.22301e-06   909.44
-7.60502e-06   -1.12e-05   -0.00685772   0.0449364   2.50364e-06   174.69
-2.79817e-06   -4.30071e-06   -0.0499586   0.0395474   -3.27216e-06   56.1861
-1.52533e-05   -1.48804e-05   -0.00207458   0.00711706   -9.00833e-07   380.933
-3.34531e-07   2.93906e-06   0.000400435   -0.000999415   5.58572e-07   402.258
-6.54633e-06   1.76684e-05   0.0298886   -0.00202408   4.03163e-06   28.8219
1.58648e-05   1.02667e-05   0.000244981   -7.93789e-05   7.37249e-07   3616.89
2.32483e-06   7.86548e-06   0.000180673   -0.00119921   6.07911e-07   6047.38
-5.9453e-06   1.18538e-05   -0.0556008   -0.020203   -9.06908e-07   39.2759
3.74851e-06   5.56603e-06   -0.0012351   -0.000207956   1.66828e-07   1279.26
2.94784e-06   -8.88246e-06   0.00991343   0.00322686   8.03545e-07   470.318
7.27509e-06   3.15562e-07   0.0611303   0.0170613   4.67909e-06   111.045
-9.77425e-06   -1.01016e-05   0.00254801   -0.0225496   3.21051e-07   129.592
-1.27185e-05   -3.31701e-06   0.00228738   0.00123622   -1.6637e-06   3005.45
1.83736e-05   -9.28101e-06   0.177324   0.0875269   3.19203e-06   8.42714
3.93667e-05   -3.57937e-06   0.000513354   0.000354854   3.21552e-06   3017.28
-4.14359e-06   -5.75202e-06   -0.00192615   0.00124749   3.71792e-06   1007.54
-5.45807e-05   0.000126111   -0.177809   -0.0368589   8.33393e-05   4.13909
9.31639e-07   1.23021e-05   5.71462e-05   0.000858804   1.74954e-06   4642.33
6.54094e-06   1.82976e-05   0.0310398   0.139707   -6.48767e-07   44.5032
8.297e-09   -1.11609e-05   -0.00251061   -0.00037751   3.85675e-07   740.61
3.77591e-06   8.07482e-05   0.654435   0.0790186   5.27644e-05   3.07755
2.94271e-05   -1.22082e-05   0.194598   -0.0761573   -1.50304e-07   56.0235
-1.64022e-05   7.10628e-06   -0.0409977   -0.0956062   2.72723e-06   58.0781
1.23232e-06   1.02952e-05   0.000647188   0.000190028   9.73531e-07   1391.39
-6.19036e-06   -1.26966e-05   0.00205754   -0.00162234   6.03004e-08   1452.1
-1.67764e-06   -1.16263e-05   0.0171699   -0.010933   9.37101e-07   142.138
5.21754e-07   -6.77931e-06   -0.0195627   -0.00117561   -9.66158e-07   79.8713
7.53216e-06   -8.66789e-06   0.000689518   -0.00133383   3.99115e-07   2124.67
9.31127e-05   6.87166e-06   0.448675   -0.573405   3.86113e-05   6.79265
1.92298e-05   1.40346e-06   0.126548   0.0478521   4.91801e-06   34.5661
-8.60209e-06   -2.94967e-06   -0.000796821   0.00330294   2.30995e-06   218.031
-1.62003e-05   -5.89382e-06   -0.00135636   0.0044531   2.43035e-06   230.15
2.1061e-05   -6.35159e-05   0.217277   -0.300205   1.09539e-05   26.4263
-1.50758e-05   1.2096e-05   0.00273368   -0.0141502   -1.72594e-06   230.455
-1.85051e-05   -1.23732e-05   -0.00490123   0.0123888   -6.70063e-07   104.92
6.08191e-07   -3.895e-06   0.00131046   0.00375983   4.69254e-06   173.104
-4.60405e-06   -1.45441e-05   -0.0098972   0.0115139   2.03137e-06   266.381
-4.89689e-06   -6.24317e-06   -0.000730709   0.00601245   1.76308e-06   655.531
-9.56214e-06   8.08232e-06   -0.000782797   0.000166111   -5.07795e-07   899.024
1.04381e-05   2.01892e-06   0.00151958   0.00318112   2.93906e-06   1918.72
2.67129e-05   1.53234e-05   0.0212404   -0.00986853   1.0091e-06   260.851
6.59442e-06   -5.36686e-06   0.0303809   0.0421373   -1.46402e-06   85.9352
-2.06748e-05   -8.02436e-06   -0.00726023   0.000610225   1.7908e-06   205.431
-6.81579e-07   6.37078e-07   -0.00773891   0.000609569   2.21327e-06   554.503
9.03921e-06   9.06859e-07   -0.00034327   0.0118887   2.98634e-06   161.278
5.18617e-06   1.13229e-05   0.0168372   -0.00797733   -1.00725e-06   167.003
6.80044e-06   8.56283e-06   0.0126942   0.0497968   1.99785e-06   308.745
1.16511e-05   -9.01872e-06   0.0500144   -0.328566   3.26131e-06   7.88
-1.20071e-05   -2.38383e-06   0.0257578   0.00948657   9.76371e-07   86.2675
3.27929e-06   4.3053e-06   0.0179516   -0.149979   -4.34391e-07   31.3192
6.33758e-06   1.78073e-05   0.000986789   -0.00111058   8.06665e-07   1545.67
7.38688e-06   -1.77356e-05   -0.00745437   -0.0259233   -2.51277e-06   460.988
8.38225e-06   9.88191e-06   -0.00801768   -0.00204031   2.29003e-06   1382.66
-4.08854e-06   6.16118e-06   0.000242405   -0.00144866   -3.44417e-07   2304.81
1.7491e-06   -6.37507e-06   -0.0252021   -0.0261407   1.01508e-06   124.15
-1.47286e-05   6.03555e-06   0.0824975   -0.11315   3.87742e-06   32.222
-2.32018e-05   1.01752e-05   -0.0013262   -0.004641   4.42146e-06   1454.1
4.8987e-06   -3.90777e-06   -0.000278155   -0.00118969   -2.78523e-06   1676.49
8.64422e-06   -1.4488e-06   -0.000927455   0.00777008   -8.90425e-07   271.171
-7.81588e-06   -5.98897e-06   0.000143381   -0.00081392   5.89871e-07   400.995
2.46508e-06   1.10635e-05   0.00445142   0.0341065   1.32806e-06   111.946
1.70317e-05   1.02321e-05   0.0533045   0.00713486   -1.57548e-06   114.13
8.86739e-06   5.14847e-06   0.000249451   -0.000334496   -1.88578e-06   4768.98
5.1334e-06   -1.50546e-06   0.00171218   0.0109686   2.34078e-06   379.584
1.2989e-05   5.21114e-06   -0.00493733   0.00232063   6.91637e-08   240.246
-5.84378e-06   1.38597e-05   0.000469248   -0.000947153   -2.94326e-06   3705.69
4.87411e-06   1.64374e-05   -0.000744783   0.00121337   -3.49206e-06   5338.77
-6.37794e-06   1.10477e-07   -0.00133421   0.000231173   3.71455e-07   5412.28
-1.35503e-05   6.37773e-06   -0.00841401   -0.0137102   1.4142e-06   151.654
-3.9498e-06   -9.62802e-06   -0.12401   0.0364699   4.68013e-07   50.835
3.41939e-05   -1.36685e-05   0.955554   0.251226   7.94497e-06   5.74009
-1.3262e-05   3.92522e-06   0.000825809   0.0113371   1.24989e-06   396.467
1.61053e-05   -1.58119e-05   0.0686453   0.0544927   2.82029e-06   9.25195
-3.01981e-05   -7.73994e-06   0.00363294   -0.000446279   -2.35929e-06   726.451
1.41675e-05   -1.81246e-06   -0.0126795   -0.0119311   1.38373e-06   51.8951
-1.29361e-05   -6.43463e-06   -0.000890688   -0.00306509   -4.35279e-07   765.865
1.97607e-05   -9.37211e-06   0.0337129   -0.0533504   1.81142e-06   68.7481
-5.6673e-06   -1.12833e-05   0.0130184   -0.142089   7.69832e-07   27.5075
7.29458e-06   4.28574e-06   0.00229172   -0.00136723   4.33252e-06   1089.26
6.74527e-06   -6.38469e-06   -0.00033423   0.00192044   -2.37747e-06   3505.37
7.69781e-07   1.43192e-05   -4.5612e-05   0.00828049   5.38775e-09   151.286
1.00546e-05   -9.70901e-06   -0.0031897   -0.0022521   1.7876e-06   155.146
8.28564e-06   1.31062e-06   -0.000580324   -0.0157056   -8.27206e-07   292.84
-2.23874e-05   -7.97029e-06   0.00103715   -0.00199724   -3.76158e-07   2568.18
-1.05964e-06   4.0671e-06   0.00961316   -0.00207707   2.98318e-06   125.691
3.54971e-06   -3.02475e-06   -0.0070647   0.03722   -9.4954e-07   56.1817
-1.63986e-05   1.22773e-05   0.0082278   0.0019658   -1.25958e-06   835.242
-9.71756e-07   -6.249e-07   0.00195068   -0.000374328   2.32046e-06   3466.88
8.71482e-07   1.66894e-06   0.0200013   -0.0169571   -1.54802e-06   250.931
-1.37044e-05   5.30185e-06   0.11046   0.0426443   2.63343e-06   204.751
-9.95132e-07   -1.1185e-05   -0.011872   -0.0175018   1.20434e-06   191.553
-1.58342e-05   -9.15289e-06   0.108764   0.0351863   1.70301e-07   20.3238
8.50773e-06   1.02869e-05   -0.00491266   0.00942766   6.41735e-07   403.162
5.54027e-06   -4.00313e-06   0.000205697   -0.00134396   1.75885e-06   5733.23
1.28117e-06   1.91916e-05   0.00162031   0.000278253   2.20881e-06   2177.89
-2.00909e-05   2.98387e-06   -0.00247706   -0.0499887   6.89804e-08   23.574
-9.37157e-05   -3.7372e-06   0.366669   -0.69826   4.64454e-05   3.00787
-1.74664e-06   -1.59748e-05   -0.041979   0.0307971   -5.25907e-06   51.582
-6.30612e-06   1.29962e-05   -0.0183625   -0.000670264   -2.22985e-06   67.4031
3.93048e-07   8.05676e-06   -0.0397679   -0.035411   1.32432e-06   27.4413
-1.30874e-05   -2.34659e-05   0.0393737   -0.0139771   -9.71486e-07   196.075
-2.13157e-06   8.74666e-06   0.0022303   0.00456232   -4.45936e-07   1359.87
-1.00421e-05   8.31418e-06   0.000786362   -0.000986394   -1.17585e-06   2704.22
2.34787e-05   -2.16167e-06   -0.00128047   0.00211941   4.25103e-07   3065.7
4.32292e-06   -2.31063e-06   -0.000707277   0.000107759   6.06008e-06   4362.52
6.49107e-06   -1.72039e-05   -0.0753905   0.0146226   -9.77371e-08   36.3825
-8.66633e-06   1.24804e-06   0.45176   0.654418   7.36469e-07   2.67329
2.73283e-05   1.16996e-05   0.00134554   -0.0166819   1.42195e-06   590.365
-1.76279e-06   8.01815e-06   -0.00424114   0.00096313   -2.57515e-08   560.87
-5.82578e-07   1.93439e-05   -0.00656523   0.00793322   -3.47485e-06   282.838
4.13235e-06   2.14942e-06   -0.0152475   -0.0342303   -2.91553e-07   444.375
2.00381e-06   -1.58832e-05   0.0171366   -0.0284263   1.58482e-06   71.9445
-9.01853e-06   -7.82161e-06   -0.00178973   0.000698865   -2.19304e-06   3221.76
2.22479e-05   -1.4522e-05   0.289037   -0.0181236   1.77209e-06   18.7278
3.07037e-05   1.1083e-05   0.135298   0.181812   1.09524e-05   5.27589
1.07601e-05   1.9463e-06   0.132224   -0.0845569   4.75462e-07   28.7138
1.01002e-05   1.27223e-05   -0.00421095   -0.00386545   1.60557e-06   299.431
1.09544e-05   -1.56958e-06   -0.0076982   -0.0192882   1.45334e-06   95.5254
4.6272e-06   -1.30338e-05   -0.00525052   -0.00367338   -5.2908e-07   1203.52
1.06199e-05   8.32983e-06   -0.00373476   0.00449109   9.49327e-07   935.58
-8.45503e-06   -6.11105e-07   0.0499745   -0.179149   3.72187e-06   14.6366
-4.35582e-07   -1.86086e-05   0.0538602   0.118028   4.54655e-07   11.6852
4.6362e-06   -3.0289e-06   -0.0575339   0.0351839   -4.04284e-07   49.6832
3.11805e-06   -6.59733e-06   -0.155488   0.0459068   -1.5581e-06   60.0819
-1.50389e-05   1.86252e-06   0.00227694   -3.86205e-05   7.45058e-08   1867.58
-8.9071e-06   -2.87843e-06   0.00109597   -0.00176406   1.4711e-07   7712.17
-8.85641e-06   -4.87154e-06   0.0086084   0.00520643   1.20064e-06   2361.11
1.22118e-05   -1.1625e-05   0.0300186   -0.0262671   -5.60145e-07   72.5523
1.46647e-05   1.09214e-05   -0.00120079   0.00284555   1.24312e-06   1087.55
-5.8762e-07   2.73402e-06   -0.00718547   0.0130028   -3.67866e-06   90.9625
9.27289e-06   1.10806e-05   -0.00521541   -0.0028166   6.52514e-07   83.9159
-9.88908e-06   -1.68439e-05   -0.00153927   0.003623   5.4553e-08   506.843
-1.07514e-05   -1.41596e-05   -0.00151379   -0.0014489   3.94137e-07   1921.43
-8.93766e-06   5.4285e-06   -0.00812413   -0.0368373   2.74483e-06   48.3864
-6.08104e-06   5.35377e-06   0.00546823   0.00391536   -3.39574e-07   372.044
8.49657e-06   1.93669e-06   -0.000688914   0.000381758   1.2626e-07   2728.42
9.09526e-06   -7.34932e-07   0.0031846   0.000465534   -5.76951e-07   461.202
6.77835e-06   -5.46628e-06   -0.0596762   -0.00604078   4.12164e-06   59.1257
1.28711e-05   1.51151e-05   0.000777487   0.00233525   -1.46365e-06   48.5208
-1.12168e-05   1.70815e-05   0.0138518   -0.00773789   4.71358e-07   188.605
2.16747e-05   -2.7111e-05   0.23175   -0.455796   5.62093e-06   8.39533
-9.13286e-07   -7.91585e-07   -2.08756e-05   0.00305974   -1.93776e-06   2194.91
-8.43249e-06   2.3525e-06   0.00508432   -0.00929657   -3.45727e-07   140.815
3.53977e-06   1.17046e-05   0.0993119   -0.236582   6.65479e-07   10.7274
7.86325e-07   -6.85666e-06   -0.000814588   -0.000919277   -2.99306e-06   6278.77
9.34784e-06   2.28505e-06   -0.0123168   0.0321137   9.91559e-08   114.034
2.0153e-05   8.83465e-06   -0.261572   -0.146834   7.06098e-06   4.47665
-2.33372e-06   -9.60034e-06   0.0509275   -0.00190193   2.31411e-06   40.3898
6.77236e-07   -2.47178e-05   0.0672038   -0.126051   -1.95536e-06   16.9669
1.56489e-05   7.37607e-06   -0.00923966   -0.0177318   -1.2454e-06   155.443
-2.53968e-06   1.62864e-05   -0.00868847   0.000242683   2.08009e-07   447.723
-1.54412e-05   3.35764e-06   -0.135802   0.000848443   -2.33441e-06   90.6906
-5.45759e-06   4.79027e-06   0.00785069   -0.00169913   5.91911e-09   412.831
-2.97125e-06   9.09288e-06   -0.00808553   0.0109456   1.53865e-06   577.09
5.83683e-06   -1.13882e-05   -0.0442299   0.0102454   -9.32077e-07   131.336
4.75992e-07   -4.66213e-06   -0.00105228   0.00977996   2.70881e-06   461.277
-5.61921e-06   -9.11898e-06   0.00162984   7.31274e-05   -9.44662e-07   367.611
1.10859e-05   1.62577e-06   0.000868447   -0.00108316   -1.2976e-08   4560.42
3.2016e-06   -1.37005e-05   0.0121646   0.0426461   4.32793e-06   244.102
2.99979e-07   -1.28351e-05   -0.0184048   -0.00259843   3.6603e-06   113.779
-2.63853e-05   9.27252e-06   -0.008095   -0.00534284   -1.3367e-06   50.7784
-1.01812e-06   5.47749e-06   -0.0046704   -0.0140568   -4.6374e-07   368.941
6.70449e-06   -1.59689e-05   0.00239258   -0.0022369   3.73743e-06   772.464
4.57438e-06   1.58898e-05   -0.0462934   -0.0531601   -5.70963e-06   42.9083
-4.23768e-07   -1.58419e-05   0.0296873   -0.0105556   5.48798e-06   263.827
1.39304e-05   -1.25244e-05   0.065761   -0.000215477   3.13198e-07   26.5688
-7.80139e-06   -1.06976e-05   -0.0362824   0.0058154   4.03413e-07   46.6763
-4.70111e-06   -8.02646e-06   0.219383   -0.21342   1.243e-06   21.0023
-2.82923e-06   3.90662e-06   -0.00168649   -0.00165558   -4.21635e-06   2574.45
-6.95986e-06   -1.94524e-06   0.00265543   -0.00320703   1.92082e-06   3075.93
6.46172e-06   1.21134e-06   0.0880356   -0.0164115   8.02998e-07   87.609
-3.58181e-06   -2.36948e-06   -0.000619383   -0.0157543   -9.59311e-07   173.706
-1.48404e-05   1.00821e-05   -0.0113364   -0.00382383   3.83638e-06   184.502
7.48249e-06   7.51601e-06   0.0107505   0.0140384   -1.05729e-06   309.404
1.36948e-05   -9.14065e-06   0.115552   -0.102083   4.8384e-06   22.4771
-7.2774e-06   -3.21835e-06   -0.000915353   -0.00566122   1.11296e-06   586.498
-9.93803e-06   1.711e-06   -0.000219187   0.00188867   4.03644e-06   1375.04
4.0271e-06   2.07893e-05   -0.00436132   0.0992904   1.50844e-06   28.8273
-6.5537e-06   9.04237e-06   0.194401   0.0287208   -1.87659e-06   5.4231
-5.79779e-05   -8.51848e-06   -0.490255   -0.114404   1.5778e-05   9.91687
-9.53568e-06   3.34689e-06   0.000269595   0.00081571   -1.06863e-06   4476.77
5.72254e-06   -3.57532e-06   -0.0111917   -0.00118358   2.06142e-07   204.541
1.34628e-06   5.99908e-06   0.07752   0.0071827   -1.13812e-06   128.391
5.4287e-06   -1.61457e-06   0.000240359   0.000606164   1.70144e-06   1885.14
1.41769e-05   1.19775e-06   -0.00205041   -0.000455687   1.93176e-06   4170.97
8.60256e-06   9.79879e-06   -0.00562712   0.0183125   -9.3922e-07   116.204
8.74737e-06   1.83209e-05   -0.0381095   -0.0550056   -4.38931e-07   46.1929
-3.73059e-06   1.13901e-06   0.00424611   0.0253216   -2.12934e-06   157.101
1.27596e-05   -5.04721e-06   -0.029301   0.0147937   1.29743e-06   108.705
3.26716e-06   -1.4694e-05   0.00135745   -0.000606893   -8.93631e-07   738.682
-6.15783e-06   8.03212e-06   -0.102792   0.204038   4.55058e-06   15.2199
7.90375e-06   6.42294e-06   -0.00471485   -0.00317655   -2.50864e-06   367.35
-1.01584e-05   -4.97764e-07   -0.103376   -0.0272384   -1.33603e-06   15.0399
1.04443e-05   -7.75242e-06   -0.00158952   -0.000990155   2.29388e-06   4632.93
-7.38011e-06   -2.84846e-05   -0.0161951   -0.0380027   4.98931e-07   66.7538
3.32281e-06   -2.49157e-06   -0.0259911   -0.052547   -2.26679e-06   62.3545
7.84486e-07   -8.14888e-06   0.012297   -0.00235135   -1.57246e-06   146.51
-8.13838e-06   1.84673e-06   0.0167068   0.0971936   1.34758e-06   32.5707
-2.45227e-06   -1.83394e-06   -0.132055   -0.152179   -5.62652e-08   16.0392
1.37636e-05   1.9189e-06   0.0586632   -0.111167   5.74801e-07   27.3985
3.06714e-05   1.03968e-05   0.0540867   -0.0547305   2.61085e-06   51.0061
2.26754e-05   2.37333e-05   0.425313   0.514039   1.37e-05   7.93524
-1.16071e-05   -1.2175e-05   0.0182989   -0.0059609   -1.76086e-06   382.988
4.09155e-06   8.41596e-05   0.0735079   0.433441   3.3276e-05   10.1589
1.94112e-06   1.25187e-05   -0.00844999   -0.0100603   -2.98472e-06   536.56
-2.04346e-05   4.2961e-07   -0.114544   -0.0438236   -2.52985e-07   10.8527
9.17849e-06   7.65111e-06   0.064808   0.0316869   2.99802e-06   113.156
5.58159e-05   -2.7612e-05   -0.599912   0.116066   4.55446e-05   2.74155
2.74459e-06   7.2817e-06   -3.07689e-05   -0.00794102   -2.26101e-06   835.866
7.54425e-06   7.29714e-07   0.299659   -0.000730276   2.8297e-07   12.6837
-1.85532e-06   -1.96952e-05   0.000745764   1.84256e-05   -2.34852e-06   6220.44
6.66949e-07   -6.36734e-06   0.0112119   0.0104705   1.22884e-06   295.129
-5.50335e-06   1.06055e-05   -0.00159705   -0.004709   1.53897e-06   777.494
-6.54627e-07   2.00233e-06   0.0183196   -0.0103208   1.04863e-06   41.5258
-1.87823e-06   1.56783e-05   0.0243615   0.0190212   9.94242e-07   204.86
1.18757e-05   6.66069e-06   -0.0160517   -0.0121378   1.21082e-06   197.451
1.01506e-06   3.00094e-06   0.00178805   0.0014339   -3.21443e-06   1913.33
5.40689e-06   -4.96071e-06   -0.00119164   -0.000480706   9.02371e-07   1410.91
2.17883e-06   -2.97521e-06   -0.00880408   -0.00142732   1.3946e-06   384.559
8.43348e-06   -3.80627e-06   -0.00207164   0.00206808   -4.15637e-06   461.93
1.0292e-05   6.59104e-06   -0.00263004   0.0611642   2.26593e-06   45.7393
-6.23479e-07   6.26516e-06   -0.0576297   0.0416132   -4.66222e-06   23.8427
4.71722e-06   4.08208e-06   -0.00824974   -0.00462195   -1.69702e-06   249.438
6.61822e-06   -4.42571e-06   0.00255524   -0.00650008   3.63573e-07   525.496
-5.56908e-06   3.09827e-06   -0.0482452   0.0637403   5.27709e-07   109.224
-8.82233e-06   -9.1581e-06   -0.0013618   0.00287084   -3.54273e-07   1152.67
1.01517e-06   -1.68569e-05   -0.00555175   -0.00784828   3.72428e-06   578.042
-8.48648e-06   2.94494e-06   0.00307444   -0.00536376   -1.60599e-06   128.781
-1.86228e-06   6.88356e-06   -0.0154304   0.0125124   4.41987e-06   291.438
1.73493e-05   -8.20727e-07   -0.00085282   -0.000861467   -1.51728e-07   948.667
1.9394e-06   1.81755e-05   -0.00529998   0.000378894   8.06276e-07   1202.48
-1.32999e-05   5.13789e-06   -0.00611411   0.00386013   1.02367e-06   774.196
-5.21048e-06   2.3419e-05   -0.0169003   0.00970947   1.16293e-06   106.235
-1.68823e-07   3.29651e-06   -0.0013244   0.00298895   7.57617e-07   2569.26
-2.68601e-06   -3.26988e-06   -0.000728137   0.00138814   1.16976e-06   6551.06
-2.04116e-06   -1.35983e-05   0.00376497   0.0133906   -1.58113e-06   167.716
2.07233e-05   -1.72217e-05   0.147376   0.0159929   3.32377e-06   43.033
-5.66617e-06   -3.81448e-06   0.0198897   -0.010706   1.36597e-06   19.8858
9.81905e-06   -5.69244e-06   0.000757122   -0.000102302   5.22942e-07   5909.72
-2.41856e-06   -1.3986e-05   0.165102   -0.0102196   1.86006e-06   41.8725
-3.98811e-07   -3.77482e-06   0.0128719   -0.00737447   4.72665e-06   129.972
-7.62326e-06   1.30268e-05   -0.000414105   0.00133998   4.89113e-07   1386.24
-8.71783e-06   -1.96525e-05   -0.00910835   0.0330778   3.13683e-07   34.4919
7.78438e-06   5.22183e-06   0.00178795   -0.01175   4.99875e-06   302.168
1.43591e-05   -1.26199e-05   0.0126841   -0.0778638   -3.50347e-06   43.7577
2.8275e-05   1.05179e-05   0.00380543   0.000734326   7.63492e-08   862.653
3.40137e-06   1.33647e-05   -0.0167948   -0.00630303   2.65397e-06   430.365
-2.09415e-06   -1.2938e-05   -0.00118986   -0.00200948   -5.58923e-07   2272.71
-6.97081e-06   2.41018e-06   0.000823468   -0.00235741   -7.74227e-07   3197.6
-9.63995e-07   -1.2701e-05   0.030685   9.56394e-06   2.24959e-06   183.374
-5.27676e-06   3.73609e-06   -0.00231831   0.00161679   1.31384e-06   130.468
1.22888e-05   1.20121e-05   -0.00419035   -0.000227483   -1.17264e-06   663.448
-4.86827e-06   6.7288e-06   -0.00367372   0.00310439   -1.47217e-06   373.242
1.13298e-06   2.87137e-06   -0.0469092   -0.196221   -2.1199e-06   36.632
-4.06758e-07   -6.11216e-06   -0.00282191   -0.000615746   6.85879e-07   509.33
1.16654e-05   -9.68938e-06   -0.265428   -0.173517   4.28236e-06   12.9487
8.20974e-06   1.06195e-05   0.00663298   0.00109895   2.26401e-06   364.099
2.21249e-06   -2.8382e-07   0.0175848   0.0113594   3.4472e-06   415.203
9.14563e-06   4.78631e-06   0.854386   0.0704427   4.32849e-06   33.9039
-1.04884e-05   -3.02935e-06   -0.000235535   -0.000326336   -6.63081e-08   5656.81
-1.1635e-05   -8.33635e-06   0.00548024   -0.00186393   -9.68628e-08   188.276
-1.15763e-05   -8.69511e-06   0.00254325   -0.00711721   -9.53011e-08   1070.44
-3.653e-07   6.0776e-06   -0.00467764   0.0101222   2.64307e-06   490.427
-2.5241e-06   5.57751e-07   -0.00780598   -0.00343892   -6.48509e-07   350.773
-2.32105e-05   1.5502e-05   -0.0147768   0.000653669   7.17307e-07   392.615
1.01596e-05   2.52311e-05   9.94204e-06   0.00295293   -1.36696e-06   392.03
-1.00413e-05   -4.59179e-06   0.0186783   0.0281787   5.21909e-06   84.6907
-2.06671e-05   2.67641e-06   -0.00129451   0.00219991   -3.64012e-06   5550.73
-1.43847e-05   9.29337e-06   0.0088234   0.00393768   -1.33081e-06   66.507
4.96313e-05   7.64606e-07   0.252431   0.0620443   5.53771e-06   25.3398
8.72391e-06   4.93578e-06   -0.0155575   -0.0032636   4.0704e-06   141.784
-1.90669e-05   -1.6969e-05   -0.644736   0.504971   4.4878e-05   1.89011
9.05137e-07   1.33138e-05   -0.000386774   -0.000345088   1.32016e-06   1319.65
-4.88611e-06   -1.70173e-05   0.0534221   -0.0292348   -2.85726e-06   30.9973
1.19862e-07   7.30515e-06   -0.00261709   0.00231124   1.44046e-06   188.01
1.58357e-05   -3.64744e-06   0.00538959   0.00356094   -1.55108e-06   1662.72
-4.11795e-06   -5.34059e-06   0.00858295   0.00358686   -2.08026e-06   262.076
-3.44763e-06   7.8723e-07   -0.0818391   0.115757   2.5285e-06   83.4264
7.00605e-05   -0.000135308   0.240214   -0.694614   4.95622e-05   13.2221
3.46647e-06   -1.4963e-05   0.0166768   -0.0023498   -2.78293e-06   337.4
1.50809e-06   -2.96203e-06   -0.380549   -0.175495   -2.67942e-06   19.6273
-7.37237e-06   3.14456e-06   0.0273687   -0.0667002   -1.11975e-06   8.88372
7.55458e-06   1.56018e-05   0.00299663   -0.00168666   1.27631e-06   1485.58
5.70039e-06   -4.77269e-06   0.000686182   -0.00131506   3.14745e-07   1307.59
1.02405e-05   2.86582e-06   -5.6148e-05   -0.00181744   -7.3172e-07   761.423
9.8442e-06   9.39845e-06   0.0195212   0.0875852   2.25642e-06   15.4972
-2.79429e-07   -1.63663e-05   0.00263784   0.117875   2.1642e-06   8.79947
1.15936e-07   -3.92538e-06   0.00102585   2.69505e-05   1.1735e-06   6385.28
1.19546e-05   -1.26342e-05   -0.00899004   -0.00401281   2.06153e-06   143.1
-1.05473e-05   -1.14484e-05   -0.000385436   -0.000406332   -1.60022e-06   4448.69
-1.81885e-05   -3.43084e-06   0.00534325   0.00259774   1.83888e-06   1030.28
3.43878e-06   -8.45807e-06   -0.00793626   -0.010044   1.52141e-06   352.332
-4.09013e-06   1.61065e-05   -0.0122058   0.0434636   1.98068e-08   161.137
-6.75356e-06   -1.59024e-05   0.00702458   -0.0513924   9.38656e-07   33.9961
5.56166e-06   4.90991e-06   -0.00108702   0.00606571   -1.17945e-06   400.38
-8.11546e-06   -1.74282e-05   0.00507559   -0.000523066   -1.69501e-06   1033.56
-1.32761e-06   -3.6695e-06   -0.00219857   0.00410271   8.50079e-07   528.035
-1.00902e-05   -2.44259e-05   -0.0016982   0.00246751   -7.01721e-07   1721.82
1.36737e-05   -4.81167e-06   0.112479   -0.166955   -2.15511e-07   33.3464
-5.08373e-06   1.80776e-05   -0.0129371   -0.00885738   1.93732e-06   78.6286
-5.30225e-06   8.09176e-06   0.086474   0.0841278   2.86415e-06   6.9823
6.39717e-06   -2.32339e-05   -0.00212043   0.00116045   1.48616e-06   1788.94
1.76815e-05   -1.98015e-05   -0.00610109   0.000312186   1.27679e-06   541.723
1.7224e-05   -1.60617e-05   -0.00131282   0.00133921   3.78346e-06   4895.39
1.04929e-05   -7.37502e-06   0.025799   -0.00248952   -9.53612e-08   144.654
-1.46159e-05   -4.61021e-07   0.0805087   -0.112262   8.81696e-07   60.6703
2.21444e-06   -9.76332e-06   0.0064089   -0.0110171   4.11549e-07   351.982
1.81704e-05   8.33244e-06   -0.00893404   -0.0401685   1.17102e-06   186.565
1.56169e-05   5.18349e-06   0.00109005   0.0199486   -1.83932e-06   159.543
-5.71758e-06   4.17316e-06   -0.00363314   0.00598333   1.93761e-06   1199.75
-5.18582e-06   3.24421e-07   -0.00119127   0.000670098   -2.55802e-06   766.82
8.55669e-06   5.62319e-06   -0.0424344   0.0292164   -4.67904e-07   19.7239
-5.20157e-06   9.25713e-07   -0.00269965   0.000966021   9.04186e-07   877.985
6.69552e-06   -6.69934e-06   0.00355133   0.00732646   -6.04594e-08   676.581
9.37694e-06   -1.20414e-05   0.00172093   0.00104116   2.9439e-06   939.213
-9.32604e-06   7.01862e-06   -0.0908545   -0.0964742   -1.02903e-06   9.72101
4.84753e-06   6.5559e-06   0.00727959   0.0161701   -2.09005e-06   103.656
-4.71087e-05   6.96833e-06   -0.255189   0.136703   9.33582e-06   12.238
-1.44888e-06   -1.31292e-05   -0.0233184   0.0029626   -1.21685e-06   226.184
3.29873e-06   9.75724e-06   -0.752317   0.505954   1.40181e-05   4.17161
-1.10739e-05   -6.44314e-06   0.0392677   0.0114718   -1.64882e-06   125.777
1.67968e-05   -2.92093e-06   -0.000986647   0.000271193   1.50814e-06   660.966
8.39727e-06   4.38986e-06   -0.00674531   -0.00841475   -1.35779e-06   690.174
2.64625e-07   -4.92516e-06   0.25173   0.294163   2.37021e-06   6.35045
-8.35686e-06   5.32294e-06   -0.00430962   0.00588738   5.24629e-06   190.085
-4.37857e-06   -1.13375e-05   -0.0791678   0.013209   8.88181e-07   16.7439
1.07421e-05   -1.33654e-05   -0.000514513   0.00465919   2.28089e-06   486.848
-7.80249e-06   1.87037e-05   -0.00110049   0.00223713   -3.54058e-06   1855.55
-2.13978e-07   2.01466e-06   0.00123374   0.00712303   -3.63555e-08   63.4453
7.23772e-06   -6.75291e-06   0.0210738   -0.0296048   -2.81781e-06   25.5598
8.69315e-06   -7.78815e-06   -0.00510527   0.0102894   1.28884e-06   261.67
1.12275e-05   -6.9343e-06   -0.000536435   -0.000267746   2.24206e-06   5130.82
2.1582e-05   -3.86997e-06   -0.00361485   -0.00755632   2.05966e-06   1217.17
1.40272e-05   -9.37255e-06   0.0129824   0.00890442   1.55863e-06   283.85
1.37613e-05   -9.46258e-06   0.0300868   -0.0542508   1.56256e-06   33.9744
